date,daily_volume,bin_num,bin_volume,quote_imbalance,volatility
2020-09-01,216982976,0,1499200,-0.4072072075414385,0.0
2020-09-01,216982976,1,22353062,-0.16896236476583143,0.0002703524334926853
2020-09-01,216982976,2,13431761,0.39362594286046754,0.003234855184848813
2020-09-01,216982976,3,17799262,-0.4464094629899032,0.01162052371609747
2020-09-01,216982976,4,12296841,0.5568327745195042,0.010830783264394196
2020-09-01,216982976,5,6164684,0.06649544008397948,0.005430934333276447
2020-09-01,216982976,6,10153363,0.1351401022415764,0.00026259863235129563
2020-09-01,216982976,7,14169746,0.3624065143849655,0.0029986862234389756
2020-09-01,216982976,8,5598337,0.25474362679302875,0.0019051614760245768
2020-09-01,216982976,9,4397062,0.04498091248515957,0.0024509791651766244
2020-09-01,216982976,10,6880716,-0.04030845632216224,0.005416394014706654
2020-09-01,216982976,11,4956804,-0.06115062621193772,0.00839027513037778
2020-09-01,216982976,12,5039745,-0.1201452404915196,0.0035155178952656543
2020-09-01,216982976,13,4535249,-0.16885284700505807,0.004069714778266327
2020-09-01,216982976,14,4550281,0.23090129810725957,0.004615516553917085
2020-09-01,216982976,15,5678700,-0.022435035487424412,0.0008158400187058576
2020-09-01,216982976,16,8960353,-0.26410012893316076,0.005138579203999944
2020-09-01,216982976,17,8207995,0.02254221834387434,0.010820355481078747
2020-09-01,216982976,18,5706035,0.0648674852852923,0.006495529881773085
2020-09-01,216982976,19,9676665,0.00851295088688848,0.005436792219387019
2020-09-01,216982976,20,5202872,0.4587818102336494,0.004351440078153307
2020-09-01,216982976,21,8938068,0.11524337935479935,0.0021858032279692837
2020-09-01,216982976,22,8219973,0.22132842428273372,0.0035527218465418154
2020-09-01,216982976,23,6449580,-0.13396186283657757,0.003803406068977528
2020-09-01,216982976,24,16116622,-0.10643081921745266,0.0008454990882443981
2020-09-02,421853463,0,1655300,-0.33866267612160383,0.0027098113124975846
2020-09-02,421853463,1,23597632,0.003916495404849124,0.0005326161604301654
2020-09-02,421853463,2,11251576,-0.05146581041960326,0.005640849847033899
2020-09-02,421853463,3,10211098,0.03651102935732932,0.003762542115367809
2020-09-02,421853463,4,28819787,0.07781844886488974,0.008295285016038502
2020-09-02,421853463,5,24825370,-0.16858081038532197,0.013905318778997804
2020-09-02,421853463,6,13078453,-0.2202049187446159,0.00587660101709601
2020-09-02,421853463,7,11019366,-0.39349441075233277,0.0005346731131926171
2020-09-02,421853463,8,8286400,0.29984827116445156,0.003750016009368992
2020-09-02,421853463,9,16026270,0.2110722673974752,0.003522095296122474
2020-09-02,421853463,10,9197247,0.06073434616526664,0.005930677971744019
2020-09-02,421853463,11,7118107,0.08051363289778697,0.005399745129524671
2020-09-02,421853463,12,7669656,-0.1384725959762663,0.002712331410064266
2020-09-02,421853463,13,7193859,0.36052319931894733,0.0034895433424716126
2020-09-02,421853463,14,13879024,-0.006383462519034321,0.005088381369219431
2020-09-02,421853463,15,46157350,-0.05634582002605435,0.0076332152780173995
2020-09-02,421853463,16,22285577,0.3465439114877983,0.018508641739505526
2020-09-02,421853463,17,40055039,-0.06292556039874915,0.015031733382332766
2020-09-02,421853463,18,18344984,-0.1859540816979106,0.01106052236668503
2020-09-02,421853463,19,12582262,-0.08957607639915213,0.004203403544908776
2020-09-02,421853463,20,30039977,0.23955589939015146,0.0005217317411529532
2020-09-02,421853463,21,12624002,-0.05155355010773037,0.007887856770764284
2020-09-02,421853463,22,12125562,0.15666449088098544,0.004729118578458843
2020-09-02,421853463,23,14041585,0.15648227008823232,0.005019045326684095
2020-09-02,421853463,24,19767980,-0.026804191025273604,0.00396001200483398
2020-09-03,361605005,0,2498400,-0.4073588192543937,0.0007911929039909369
2020-09-03,361605005,1,35415411,-0.28981995589551646,0.006311920145362791
2020-09-03,361605005,2,35678634,-0.22894754178285193,0.013158040327670286
2020-09-03,361605005,3,19104694,-0.2621967773394991,0.01527745635197879
2020-09-03,361605005,4,35261159,0.04776951034283426,0.010002464178274762
2020-09-03,361605005,5,25030857,0.09809696531205069,0.00265515731341424
2020-09-03,361605005,6,9177094,0.1113028839528557,0.008454141153088299
2020-09-03,361605005,7,7499377,-0.15070256718128228,0.002382164644930757
2020-09-03,361605005,8,6205889,0.42933179694937734,0.0023741702917620365
2020-09-03,361605005,9,5267496,-0.14636395735415775,0.001328466878279635
2020-09-03,361605005,10,10044103,-0.03988013017689601,0.0013183608674071441
2020-09-03,361605005,11,20625668,0.31191366248052843,0.0024055479391157353
2020-09-03,361605005,12,16676801,-0.1341289031374623,0.003196262851298703
2020-09-03,361605005,13,9086303,-0.22953150907540973,0.0034738214682145793
2020-09-03,361605005,14,6498877,0.46840943144134867,0.004540243006905984
2020-09-03,361605005,15,7720142,-0.1534839334353446,0.008520929536998413
2020-09-03,361605005,16,5442859,-0.1806740641933595,0.011168613269375254
2020-09-03,361605005,17,6655417,0.12446533226702067,0.002648389107110317
2020-09-03,361605005,18,11705466,-0.3838555568119494,0.0005410419466572566
2020-09-03,361605005,19,10958155,0.3490113439551426,0.0016043222409398111
2020-09-03,361605005,20,14275126,-0.2767815674638635,0.0013416059778468413
2020-09-03,361605005,21,12027856,0.08656994618166448,0.001341911501736433
2020-09-03,361605005,22,16775358,0.33299324076003795,0.0035047894971091823
2020-09-03,361605005,23,16351640,0.10537364362892249,0.007006823004107668
2020-09-03,361605005,24,15622223,0.010758783365509795,0.001083653406669715
2020-09-04,211504381,0,5468404,0.13941860758596097,0.021218466507420715
2020-09-04,211504381,1,39053729,0.274186824572449,0.025379871512204926
2020-09-04,211504381,2,20268720,-0.4250918907522801,0.0033141218386251972
2020-09-04,211504381,3,11497130,0.3504895984056526,0.005468842901626978
2020-09-04,211504381,4,12507773,-0.21289354633135646,0.0038301271963017327
2020-09-04,211504381,5,7553829,-0.2052046384070835,0.001091947113683565
2020-09-04,211504381,6,9437014,-0.17026017259100007,0.002186753558351452
2020-09-04,211504381,7,5771717,0.3400207571291239,0.00027338347881098216
2020-09-04,211504381,8,4774323,0.5826137145792724,0.001095439149449885
2020-09-04,211504381,9,5042944,0.18673204747771005,0.0021896097782047896
2020-09-04,211504381,10,3184548,-0.03351422513945331,0.00027306544712209864
2020-09-04,211504381,11,5520420,0.030678830647910122,0.0010942750560521217
2020-09-04,211504381,12,2739342,0.03687790246186746,0.0016398797197470431
2020-09-04,211504381,13,3483214,0.0368356161049499,0.0010934288311676152
2020-09-04,211504381,14,5151477,0.3035945221841951,0.0024596096568039907
2020-09-04,211504381,15,6018660,-0.07106252322398496,0.0010907830986889968
2020-09-04,211504381,16,3969544,-0.1683717509226893,0.0027390263951232543
2020-09-04,211504381,17,6088180,-0.1340858765756188,0.002176097528446283
2020-09-04,211504381,18,3996506,-0.04083800608602549,0.0057263097199380456
2020-09-04,211504381,19,4137894,-0.2150995147556608,0.0010881662357381282
2020-09-04,211504381,20,8175506,-0.18587260624158897,0.002455706593034665
2020-09-04,211504381,21,5753812,-0.4131399669092509,0.0019093626619730946
2020-09-04,211504381,22,5972205,0.2420355690817464,0.0013620736846303072
2020-09-04,211504381,23,9389284,-0.15926737768668808,1.6762052865817442e-06
2020-09-04,211504381,24,16548206,0.021742352740081815,0.00381064330421819
2020-09-07,386023019,0,1752968,0.37809332697813375,0.0019301489157428806
2020-09-07,386023019,1,20239029,0.09144668142793948,0.00684636651064626
2020-09-07,386023019,2,12789891,0.2913612610968867,0.003837866207683698
2020-09-07,386023019,3,16300536,0.12583744405072653,0.002483462077903246
2020-09-07,386023019,4,31207370,0.22691562814738322,0.003363592573478106
2020-09-07,386023019,5,25080332,0.10281474080427172,0.009163137782762877
2020-09-07,386023019,6,10545863,0.00856279505380053,0.00362228864879831
2020-09-07,386023019,7,21697698,-0.06568902095761205,0.0005652588504404903
2020-09-07,386023019,8,8902801,0.31143406534187207,0.003355527662278284
2020-09-07,386023019,9,10326535,-0.10354062991746317,0.0033615096035767584
2020-09-07,386023019,10,17545381,-0.05825754877312607,0.0028025350431131663
2020-09-07,386023019,11,8922923,0.24052841703615607,0.00475215610627306
2020-09-07,386023019,12,8398344,0.2043956851121142,0.006706436023152733
2020-09-07,386023019,13,5947888,0.07770545191860025,0.0019662107443835196
2020-09-07,386023019,14,5762496,0.1153004087489866,0.0033590719885103
2020-09-07,386023019,15,7074638,-0.25269097096777093,0.001124734873644568
2020-09-07,386023019,16,9340524,0.06072504780539508,0.0005608570473659547
2020-09-07,386023019,17,8988708,0.0602079829773893,0.003375550745343557
2020-09-07,386023019,18,3462762,0.04328849916476589,0.0033735376933130157
2020-09-07,386023019,19,11302707,0.3229828310096734,0.002820414089074626
2020-09-07,386023019,20,29887521,0.14023096823580414,0.0005486546620473913
2020-09-07,386023019,21,17891857,0.20096254281665635,0.0008407320521383841
2020-09-07,386023019,22,34622873,0.1844416634113957,0.008627190600410324
2020-09-07,386023019,23,31814101,0.24924311673497374,0.02066211956638973
2020-09-07,386023019,24,26217273,-0.09924614676276393,0.015486864026235118
2020-09-08,295503186,0,1054800,-0.390825783735692,0.010309768975932623
2020-09-08,295503186,1,24977284,0.05500532916194223,0.0077326031207225554
2020-09-08,295503186,2,18305737,0.02608722751850963,0.006867790904009972
2020-09-08,295503186,3,14704679,0.004933084205846887,0.006578676038500997
2020-09-08,295503186,4,12704664,-0.021823265948424087,0.004862042992844739
2020-09-08,295503186,5,6200061,-0.21099045451625018,0.004005462898771414
2020-09-08,295503186,6,9338054,0.15771733771683008,0.0014437747134221873
2020-09-08,295503186,7,24793128,-0.1005963234209402,0.001754956630034276
2020-09-08,295503186,8,11001384,-0.043432363835847004,0.011841011867794488
2020-09-08,295503186,9,6143977,0.43259600416292143,0.007214432668558015
2020-09-08,295503186,10,6019284,-0.09536501473434057,0.0025953579478862534
2020-09-08,295503186,11,6322160,-0.045309464771952655,0.005477280394479455
2020-09-08,295503186,12,3574274,-0.28564803049322124,0.002595007409680129
2020-09-08,295503186,13,4952063,-0.020022915786131298,0.002020011562288034
2020-09-08,295503186,14,8499018,-0.1315333881241238,0.007490382005878906
2020-09-08,295503186,15,16057020,-0.20304584046655794,0.0016689083738679602
2020-09-08,295503186,16,23362854,0.39137833024290714,0.005715851516281239
2020-09-08,295503186,17,28967107,-0.0516984612548685,0.005358280632022287
2020-09-08,295503186,18,22127879,0.014915697333042642,0.008463789394436549
2020-09-08,295503186,19,8517570,0.20915334691601492,0.0002770561177504499
2020-09-08,295503186,20,7862961,-0.29749220292597234,0.0022577757043150777
2020-09-08,295503186,21,6296846,0.34719798424835296,0.0033932127001273828
2020-09-08,295503186,22,6769253,0.30229616709496004,0.0022613845294469494
2020-09-08,295503186,23,6711194,0.20595268348886792,0.0005670463665442001
2020-09-08,295503186,24,10239935,-0.0499841477791623,0.0025481353023169917
2020-09-09,290419226,0,2696000,-0.2088517335824791,0.011650198630880671
2020-09-09,290419226,1,22129875,0.08598588899652798,0.008529275301142123
2020-09-09,290419226,2,15367955,0.25591752393046663,0.0011455760548431122
2020-09-09,290419226,3,11324414,0.19429662659692848,0.0005727880274215561
2020-09-09,290419226,4,17679400,0.22914003939979768,0.00719341688109669
2020-09-09,290419226,5,16799993,-0.4813729093047609,0.004585767529327862
2020-09-09,290419226,6,24213282,-0.059768984989739614,0.0011760139899137695
2020-09-09,290419226,7,28559090,0.03480699712096179,0.003550013484088044
2020-09-09,290419226,8,20776764,-0.00030128926215132094,0.01845101699322388
2020-09-09,290419226,9,8535246,-0.05972567043940204,0.00995719752626224
2020-09-09,290419226,10,9144648,-0.062260280710458464,0.00288543232416955
2020-09-09,290419226,11,7181547,-0.08745374848718976,0.0031816691997617014
2020-09-09,290419226,12,4681023,-0.11811124237274881,0.002592774062522756
2020-09-09,290419226,13,4836938,0.001981326209267286,0.004607971546443635
2020-09-09,290419226,14,4864669,-0.3852964662083518,0.0020176532572636304
2020-09-09,290419226,15,4673881,0.4991765914623178,0.006335108957489578
2020-09-09,290419226,16,4559839,-0.2810631982681386,0.0066295346311774075
2020-09-09,290419226,17,5689265,-0.20392827979320555,0.0063722608232643085
2020-09-09,290419226,18,6600542,0.17936035320029872,0.002885581955245415
2020-09-09,290419226,19,6479598,-0.5622697721287193,0.00495241734026085
2020-09-09,290419226,20,5285860,0.005175808125040787,0.00378557618074097
2020-09-09,290419226,21,10290346,0.14048251226059927,0.0038043639480593258
2020-09-09,290419226,22,7769530,-0.2524475334371489,0.008770770791815704
2020-09-09,290419226,23,13471492,0.15721678501970604,0.00995505971329069
2020-09-09,290419226,24,26808029,0.2938735815482122,0.004384847038410174
2020-09-10,261402661,0,1215094,0.24047586299574994,0.008812476515106948
2020-09-10,261402661,1,23381768,-0.04079338353061189,0.004130002201229521
2020-09-10,261402661,2,14050010,0.2332685838755241,0.004370557852535833
2020-09-10,261402661,3,11661496,-0.1656847906214502,0.0023297219019568186
2020-09-10,261402661,4,13125635,0.009601058402832372,1.0786307898292846e-06
2020-09-10,261402661,5,7679782,0.6032958534803142,0.005832917532927375
2020-09-10,261402661,6,11181837,0.23961258125510174,0.00962944041208512
2020-09-10,261402661,7,13093543,0.2295121812528719,0.004669314737987104
2020-09-10,261402661,8,3892552,-0.03467979175038792,0.0008731511064441747
2020-09-10,261402661,9,2577932,0.09141555146505896,0.0005818609761924496
2020-09-10,261402661,10,3423225,0.033355975443108796,0.0023357349886625215
2020-09-10,261402661,11,5107058,0.23689999246113894,9.796263005549909e-06
2020-09-10,261402661,12,4764960,0.5667597511096462,0.0029302875746302056
2020-09-10,261402661,13,6360022,0.04311148365112174,0.0020560930659949844
2020-09-10,261402661,14,7346214,-0.3276189692352398,0.004404922258758841
2020-09-10,261402661,15,3916030,-0.25250681268693664,0.0020564570908315235
2020-09-10,261402661,16,3985483,-0.194260752646442,0.002051345101475173
2020-09-10,261402661,17,3085757,0.23664669585346573,0.0020520740583749933
2020-09-10,261402661,18,4828761,0.4084264470271795,0.000586567251542562
2020-09-10,261402661,19,5534180,0.026603753400444193,0.0026433929146697267
2020-09-10,261402661,20,10540696,0.2933806683417896,0.0005805669181251312
2020-09-10,261402661,21,12376130,0.08905994076793435,0.0026749256048305458
2020-09-10,261402661,22,22835757,-0.10489574040316371,0.0027291264543568773
2020-09-10,261402661,23,33044035,-0.0984428328075296,0.006264826289522075
2020-09-10,261402661,24,32394704,0.21380653248991946,0.008183789405784112
2020-09-11,195046309,0,2243600,-0.4081412958577552,0.006331379484278289
2020-09-11,195046309,1,27797738,-0.06058421397972084,0.011271417975081204
2020-09-11,195046309,2,14909200,0.05509953940110046,0.00700770968023849
2020-09-11,195046309,3,8592419,-0.10741342798572877,0.0012092466071269474
2020-09-11,195046309,4,11173522,0.07147600098862977,0.0009055797795091072
2020-09-11,195046309,5,6142439,0.2525801214468144,0.0024155243660544732
2020-09-11,195046309,6,8954206,-0.03412264209993988,0.002431068039734976
2020-09-11,195046309,7,5720316,-0.34683098812657337,0.003636946063355128
2020-09-11,195046309,8,6793896,0.06640372523771212,0.0027438122128162533
2020-09-11,195046309,9,6520634,0.475469041555545,0.004573460340948134
2020-09-11,195046309,10,4754440,-0.07635906994689509,3.2843546718634906e-06
2020-09-11,195046309,11,4613644,0.06552012800634928,0.0033494475325762363
2020-09-11,195046309,12,3470910,-0.00894082065302282,0.002436725171160275
2020-09-11,195046309,13,4781743,-0.1157022658544183,0.0030368798902486423
2020-09-11,195046309,14,7557522,0.3950805929767463,0.0015280078441970938
2020-09-11,195046309,15,4499271,-0.07459586523366125,0.0036309753460783247
2020-09-11,195046309,16,7088874,0.10041716044731279,0.003931023433418484
2020-09-11,195046309,17,5003465,-0.1585660784494248,0.0018151615148607068
2020-09-11,195046309,18,7676460,-0.09461488865683003,0.002717256659949946
2020-09-11,195046309,19,5789659,0.05133629865195823,0.0002969454528708484
2020-09-11,195046309,20,6680679,-0.1726794666578646,0.0051445452035087744
2020-09-11,195046309,21,8867653,-0.1691551991437758,0.0015191092374270338
2020-09-11,195046309,22,10145314,-0.4997083579580356,0.001206665185063609
2020-09-11,195046309,23,6346842,-0.07168160640767002,0.0018058917253749847
2020-09-11,195046309,24,8921863,0.2685081692410101,0.0012040986837861091
2020-09-14,172074530,0,1030800,-0.3750777307075082,0.005103318810529948
2020-09-14,172074530,1,22833836,-0.1831482927269227,0.012923379930165409
2020-09-14,172074530,2,14122897,0.3042458117334444,0.013543214340239593
2020-09-14,172074530,3,15603562,-0.1103597454343124,0.0009393258838899444
2020-09-14,172074530,4,12280428,0.23438786476693496,0.006275299691376191
2020-09-14,172074530,5,7403352,-0.0004968744622508224,0.0005950765686284614
2020-09-14,172074530,6,7150158,-0.36431416755107526,0.004772596998172493
2020-09-14,172074530,7,5817511,0.16323007035162382,0.006259040134922172
2020-09-14,172074530,8,4973250,-0.051806954738835356,8.056951666659972e-06
2020-09-14,172074530,9,4064888,0.15642072681001054,0.0026902003365636327
2020-09-14,172074530,10,4640513,-0.1611306403573706,0.0005986089242274981
2020-09-14,172074530,11,2405629,-0.009342336363027018,0.0005986089242274981
2020-09-14,172074530,12,2955120,-0.5316997908600799,1.2663612064559462e-07
2020-09-14,172074530,13,2945191,-0.018224908117725966,0.003296667610105504
2020-09-14,172074530,14,7496135,-0.02167374269354456,0.0006163517165894237
2020-09-14,172074530,15,5395029,0.19298096443678397,0.003311852693554771
2020-09-14,172074530,16,6179252,0.314647201210042,0.0006047522205271312
2020-09-14,172074530,17,9687613,-0.028642074153913052,0.007828888653717581
2020-09-14,172074530,18,4483420,0.736392232380223,0.009622749691113925
2020-09-14,172074530,19,4486579,0.07818840277739098,0.0005929796963977634
2020-09-14,172074530,20,3770767,-0.049092774352404535,0.002107622368672764
2020-09-14,172074530,21,3270684,0.05585415944217328,0.00030147379744095335
2020-09-14,172074530,22,4879080,-0.11168837401362607,0.0006029475948819067
2020-09-14,172074530,23,5279030,-0.28930966044186257,0.0030101219406639098
2020-09-14,172074530,24,8919806,0.1397520558405389,0.0006090718527026212
2020-09-15,157556723,0,1021213,-0.37275395032204556,0.0020995762905203354
2020-09-15,157556723,1,12909545,-0.11540607698503362,0.0020995762905203354
2020-09-15,157556723,2,9126194,-0.07254414065391998,0.0027000916397225874
2020-09-15,157556723,3,11278546,0.17139344257905914,0.0002993025213478964
2020-09-15,157556723,4,13994184,-0.2219717146995052,0.0023897522801528833
2020-09-15,157556723,5,9277974,-0.29816738405722565,0.005979897230638127
2020-09-15,157556723,6,5088308,0.03477143209029844,0.000290301759533812
2020-09-15,157556723,7,5279845,0.238780136990222,0.002700474350282232
2020-09-15,157556723,8,3806776,0.209501431296398,0.0018039724141012622
2020-09-15,157556723,9,2745509,-0.19499823406335606,0.0030070467684406277
2020-09-15,157556723,10,2668966,-0.041446953764117125,0.002104549158770506
2020-09-15,157556723,11,2262319,0.21608467433177264,5.112937871186384e-07
2020-09-15,157556723,12,5347140,0.413200950417066,0.002104421334803319
2020-09-15,157556723,13,4668792,-0.20679295245298285,0.0011942840940678866
2020-09-15,157556723,14,6751511,0.24933115023713792,0.002099192188586832
2020-09-15,157556723,15,4331548,-0.043068297584844324,0.002992920988720533
2020-09-15,157556723,16,3661668,-0.11509825602814985,0.003593431173493025
2020-09-15,157556723,17,4610280,0.40132295807826873,0.0017974756184479166
2020-09-15,157556723,18,4040998,0.0692172463437513,0.0003004470874677547
2020-09-15,157556723,19,5223774,0.5190287189049152,0.0008994363491961163
2020-09-15,157556723,20,5695911,-0.1594987268597424,0.0002999392542049234
2020-09-15,157556723,21,4669041,0.16214015170781687,0.0008985471025146314
2020-09-15,157556723,22,5892698,0.19070192009783443,0.0002967706631097915
2020-09-15,157556723,23,14269792,-0.13681571000008713,0.0011965846685309902
2020-09-15,157556723,24,8934191,-0.4354458484678901,0.00029829415202382506
2020-09-16,178427047,0,575200,-0.40380573883171883,0.0035868516395004264
2020-09-16,178427047,1,8359593,-0.12305100263863435,0.004486407983000765
2020-09-16,178427047,2,18537370,-0.14799550560102528,0.0008987994120873315
2020-09-16,178427047,3,9426805,0.24608193499206643,0.0023924116600497467
2020-09-16,178427047,4,6150338,0.1325584900365163,0.004485015305249655
2020-09-16,178427047,5,4249700,0.2440973934579339,0.005380654159870192
2020-09-16,178427047,6,6004317,-0.03945644799972316,0.005678948524634323
2020-09-16,178427047,7,8586262,-0.29942465363555154,0.0012014929925103436
2020-09-16,178427047,8,7183722,-0.22598742983192713,0.003872551269141897
2020-09-16,178427047,9,7305837,-0.13562450542667856,0.00029300923060998266
2020-09-16,178427047,10,4413640,-0.31601806588763726,0.0011939312982361787
2020-09-16,178427047,11,5638404,-0.14256703895791098,0.0018005252078986953
2020-09-16,178427047,12,9399061,0.3349540105484261,0.00030964064721740876
2020-09-16,178427047,13,8995557,-0.10107799700567634,0.00029221937147008893
2020-09-16,178427047,14,5476247,-0.10962920589541315,0.0039276641860268675
2020-09-16,178427047,15,3542200,-0.09385847281208967,0.0018132242214210531
2020-09-16,178427047,16,5307200,-0.014544866333194136,0.0018155517992267016
2020-09-16,178427047,17,9903900,0.030842063699339135,0.0012228884502991106
2020-09-16,178427047,18,6690671,0.3911215584436066,0.005467981690440756
2020-09-16,178427047,19,4608475,0.13500253173777085,0.001824138434224485
2020-09-16,178427047,20,9421139,-0.41715620769385325,0.002734381032854704
2020-09-16,178427047,21,9761151,-0.32114413031199085,0.0030394925001161017
2020-09-16,178427047,22,3965979,-0.28508198662735423,0.0006069568519740028
2020-09-16,178427047,23,4340432,0.2806392747814871,0.0009119380705945272
2020-09-16,178427047,24,10583847,-0.104178628454897,0.00030315381399100856
2020-09-17,213601209,0,1054300,-0.38769790289202,0.005780302267055131
2020-09-17,213601209,1,13597013,0.018664448568347636,0.0014987228992793785
2020-09-17,213601209,2,17937072,-0.08907096534395846,0.001522347384936649
2020-09-17,213601209,3,23072505,-0.19623509422309016,0.003383355234539715
2020-09-17,213601209,4,11646810,-0.2577901791943519,0.002448840464683306
2020-09-17,213601209,5,11484775,-0.01886465312199573,0.0018041750979745253
2020-09-17,213601209,6,4111321,0.26163593854461303,0.00852516125403162
2020-09-17,213601209,7,3602555,0.2865097330494755,0.003346045915110098
2020-09-17,213601209,8,3560576,0.39344573205260075,0.0024405367242444995
2020-09-17,213601209,9,3440670,0.10401585504746454,0.0006062734402361491
2020-09-17,213601209,10,2590375,-0.05138858250051337,0.0018357146540965968
2020-09-17,213601209,11,7258914,0.11737888798318573,0.0033738862975797356
2020-09-17,213601209,12,5471142,-0.1079709031255736,0.0030677131898792795
2020-09-17,213601209,13,3417984,0.04816031225816056,0.0009217122067879164
2020-09-17,213601209,14,2910439,0.06139455814920727,0.0024585673677136642
2020-09-17,213601209,15,3802913,-0.19988682399929755,0.0027666063946845294
2020-09-17,213601209,16,4360216,0.06908951792767255,0.0012297512337587815
2020-09-17,213601209,17,7040820,-0.01275411729624868,0.0039819850327674315
2020-09-17,213601209,18,11775572,-0.042658691872052866,0.00482091751872496
2020-09-17,213601209,19,26784877,-0.22548876159802644,0.00048746640083998104
2020-09-17,213601209,20,15072806,0.21813258761157073,0.014669905491243904
2020-09-17,213601209,21,8556551,-0.1039592909400298,0.003276391810942959
2020-09-17,213601209,22,6086254,-0.17615904065479543,0.0011998785444385287
2020-09-17,213601209,23,5932352,0.22703079224648565,0.0006047462907542322
2020-09-17,213601209,24,9032397,-0.18976723519337174,0.0006016588601009649
2020-09-18,471999891,0,1089000,-0.020015006133027965,0.003621936653398168
2020-09-18,471999891,1,14218274,-0.11523389476982292,0.001511996738094769
2020-09-18,471999891,2,8731049,-0.1610376779255477,0.0033112086697928518
2020-09-18,471999891,3,21451509,0.3080251279799919,0.0072152780079012685
2020-09-18,471999891,4,8321590,0.2799654901777146,0.007807112165115
2020-09-18,471999891,5,6526100,-0.41875770104219034,0.0023988797812172524
2020-09-18,471999891,6,4858658,0.11142943675078743,0.0009030095564508434
2020-09-18,471999891,7,3279673,0.34479610210260114,0.00090763193105851
2020-09-18,471999891,8,5315104,0.08349345602729992,0.001809100397552062
2020-09-18,471999891,9,5915366,0.11500223369038955,0.0012080843662291491
2020-09-18,471999891,10,3006575,-0.05537189039230759,0.0006014030035999052
2020-09-18,471999891,11,3431952,-0.3943179715094868,0.00030378323408243173
2020-09-18,471999891,12,4295877,0.2866117181596368,0.0009030095564508434
2020-09-18,471999891,13,4401532,-0.4787522403101858,0.0017998905194888907
2020-09-18,471999891,14,20186164,-0.1891165108867752,0.005943387371265958
2020-09-18,471999891,15,61102841,0.05729584237354604,0.005453199099983508
2020-09-18,471999891,16,47123876,0.1558902430926766,0.017870022410949666
2020-09-18,471999891,17,21348230,0.27935666016777105,0.004957596059971082
2020-09-18,471999891,18,13601933,0.23620076896889294,0.00029140838467714436
2020-09-18,471999891,19,16326820,0.43638813426549306,0.0011638368461919563
2020-09-18,471999891,20,50204952,-0.04431637032186197,0.013216839487905625
2020-09-18,471999891,21,41284532,-0.06397603304676296,0.005359035070155475
2020-09-18,471999891,22,44713109,0.1453660947821946,0.013557803921268246
2020-09-18,471999891,23,32552335,0.20667179551726036,0.00703937719630749
2020-09-18,471999891,24,28712840,0.09625856144186185,0.004785309194900816
2020-09-21,323300077,0,11826978,0.32094473932756656,0.01202263828037268
2020-09-21,323300077,1,89542266,-0.045887001361853495,0.02603478110438411
2020-09-21,323300077,2,35163227,-0.04032159048864027,0.018246632606815884
2020-09-21,323300077,3,15645230,0.11544535929688349,0.00764351670839722
2020-09-21,323300077,4,22502397,-0.09530339821035151,0.0005390793459523635
2020-09-21,323300077,5,12320224,-0.2804300449388145,0.003131357440800116
2020-09-21,323300077,6,11172148,0.16046333879122154,0.00028877287447828565
2020-09-21,323300077,7,6621295,0.1007791975374354,0.0031531798159950843
2020-09-21,323300077,8,6252717,0.25454358428011326,0.0037265492357840433
2020-09-21,323300077,9,7189240,0.11367565111564237,0.002867542224974482
2020-09-21,323300077,10,7449826,0.18320590582253632,0.0020086517759565613
2020-09-21,323300077,11,5388095,-0.3338793914842725,0.0011479008709029148
2020-09-21,323300077,12,3568060,0.03761609907334573,0.0028662657048631646
2020-09-21,323300077,13,4115857,-0.054531987601394286,0.002294404144226837
2020-09-21,323300077,14,3762285,-0.11021237401832103,0.003148888519370204
2020-09-21,323300077,15,4837354,0.008870011964642589,0.002577026958733876
2020-09-21,323300077,16,10863864,0.3315638421811799,0.0028744217679175874
2020-09-21,323300077,17,3568328,0.13386187306706576,0.0037379758518634727
2020-09-21,323300077,18,7257768,0.01711237067143012,0.0022938185632989747
2020-09-21,323300077,19,4032093,0.4374098805162303,0.005739627913304557
2020-09-21,323300077,20,11137195,-0.2269725566642272,0.00487805852042917
2020-09-21,323300077,21,4672125,-0.2930371506299576,0.004591606508738945
2020-09-21,323300077,22,8592131,0.2237572541266737,7.4781996992515795e-06
2020-09-21,323300077,23,7360396,0.14763749292096076,0.0043190626882034745
2020-09-21,323300077,24,18458978,0.16419074542419881,0.006053106613506439
2020-09-22,245451187,0,2289215,0.04891854075648654,0.002937890552202971
2020-09-22,245451187,1,27744512,-0.0001269457615587685,0.009016771265328688
2020-09-22,245451187,2,15078255,-0.1563901411285188,0.005490173518849326
2020-09-22,245451187,3,12202628,-0.03075605771816559,0.009840651005959378
2020-09-22,245451187,4,18839725,0.07589111398786905,0.006631985024906716
2020-09-22,245451187,5,8576119,0.04069650827490695,0.009803420242328916
2020-09-22,245451187,6,4266410,0.3840559366113852,0.006637651870005759
2020-09-22,245451187,7,3937947,-0.21036779501864133,0.0002866651228034313
2020-09-22,245451187,8,3850553,0.037989896872874275,0.002309981507608889
2020-09-22,245451187,9,6272736,-0.29179847656686037,0.002597006302480908
2020-09-22,245451187,10,19705831,0.19194476412688904,0.0045799496393745046
2020-09-22,245451187,11,20386182,-0.4287304187531354,0.0005100845709360751
2020-09-22,245451187,12,20091789,-0.1542348077135473,0.00937119611812923
2020-09-22,245451187,13,7021301,0.21511078096840014,0.0022920630956163634
2020-09-22,245451187,14,5005753,0.47833468793175615,0.004270379025895702
2020-09-22,245451187,15,5260362,0.27861217507461106,4.6285845673331217e-07
2020-09-22,245451187,16,5132006,0.11181377485117608,0.0005737159957741281
2020-09-22,245451187,17,4255675,0.2638495751986594,0.0002852895098135424
2020-09-22,245451187,18,3649154,0.6523447206449067,0.0005736009392043784
2020-09-22,245451187,19,7195512,-0.18684272862259615,0.002879219906019658
2020-09-22,245451187,20,6027807,0.324629850233917,0.001433264148411266
2020-09-22,245451187,21,8769532,-0.033155133297673944,0.0020222518248843553
2020-09-22,245451187,22,9875087,0.07054104493582516,0.00405729937429793
2020-09-22,245451187,23,10764706,-0.03241353560118122,0.004058725202658401
2020-09-22,245451187,24,9252390,0.4185347479927103,1.1935589960420814e-07
2020-09-23,157753742,0,1214174,0.4072038976550612,0.0011621684613832984
2020-09-23,157753742,1,17826621,0.04828835312518316,0.0008717158874957351
2020-09-23,157753742,2,8513585,0.09850992257500552,0.0002906913838210045
2020-09-23,157753742,3,8914271,0.18973280718328656,0.004663660059363069
2020-09-23,157753742,4,7035714,0.500654665943995,0.004957596059971082
2020-09-23,157753742,5,5551844,0.23750126077953201,0.0020471031512349913
2020-09-23,157753742,6,10068754,0.16550560843584583,3.0310400264572326e-06
2020-09-23,157753742,7,7954900,0.2730078660345523,0.0002909105547013447
2020-09-23,157753742,8,4025768,-0.24795232057586067,0.004692547693471561
2020-09-23,157753742,9,3271429,0.14639085590401463,0.006742070848040876
2020-09-23,157753742,10,11599977,-0.022926099393135883,0.001753736715946357
2020-09-23,157753742,11,4446749,-0.058087400108979954,0.00205890272571453
2020-09-23,157753742,12,3081070,0.08547502809671002,0.0008827188248030736
2020-09-23,157753742,13,3712460,-0.13637603829399622,0.002351024452969754
2020-09-23,157753742,14,3671458,0.2806720015579536,0.002643879894594129
2020-09-23,157753742,15,5984908,-0.11648330728862842,0.006435778901309288
2020-09-23,157753742,16,7110460,-0.06693196597311095,0.004103499313679064
2020-09-23,157753742,17,8553720,0.02513203029436757,0.002908230192659196
2020-09-23,157753742,18,3360230,0.19010046202275216,0.0020354377432047033
2020-09-23,157753742,19,4983000,0.5468092479218473,0.001744865813417536
2020-09-23,157753742,20,4443340,-0.15824842441854933,0.0017513429467125843
2020-09-23,157753742,21,5236007,-0.29372279896632625,0.0005963392511999801
2020-09-23,157753742,22,4960507,-0.013364122050601878,0.004685621911453763
2020-09-23,157753742,23,5144216,-0.2571983505635844,0.0026376691659039165
2020-09-23,157753742,24,7088580,0.2020077986462318,0.0020514662417321014
2020-09-24,168746026,0,1427400,0.14483569427095727,0.004697542923702341
2020-09-24,168746026,1,16696585,-0.05849205341426211,0.008514689887606114
2020-09-24,168746026,2,9883627,0.252689032265011,0.006747310982508614
2020-09-24,168746026,3,9836328,0.20000155914175197,0.00410172027188845
2020-09-24,168746026,4,7239121,-0.28687978625852767,0.00029770192914388346
2020-09-24,168746026,5,12269933,0.1304346476495286,0.00028671440849777633
2020-09-24,168746026,6,5249635,-0.3047623337325868,0.004955780999702398
2020-09-24,168746026,7,5939612,0.5021147310010511,0.0005744930623084364
2020-09-24,168746026,8,5431548,0.23482235911698354,0.0026345165827429706
2020-09-24,168746026,9,4261068,0.20041125463362575,0.003229595435963982
2020-09-24,168746026,10,4967107,0.0497009126196072,0.007629049140227615
2020-09-24,168746026,11,3481420,-0.12073287107183463,0.007034939818933411
2020-09-24,168746026,12,3896792,-0.5192264347961785,0.0014619861747947407
2020-09-24,168746026,13,7028331,0.21811952550475583,0.0008803986792279098
2020-09-24,168746026,14,4946643,0.45989877509488236,0.0023531029408955318
2020-09-24,168746026,15,6197118,0.6190200709373213,0.0005831225894710264
2020-09-24,168746026,16,8503175,0.5174935043811054,0.00029160477383463786
2020-09-24,168746026,17,3977280,0.18402992918080394,0.0023657717800465885
2020-09-24,168746026,18,4186571,-0.2302118884009496,0.0011788743007538564
2020-09-24,168746026,19,4459763,0.09936035313293032,0.001477014818121172
2020-09-24,168746026,20,5602614,-0.20823178599730482,0.004428224461240917
2020-09-24,168746026,21,7807575,0.046305343950612664,0.003838968776151511
2020-09-24,168746026,22,4550768,0.3909704006726942,0.0014820939846127152
2020-09-24,168746026,23,7272510,-0.06289435930028948,0.001778761402930062
2020-09-24,168746026,24,13633502,0.21136913736924645,0.003268957550066375
2020-09-25,165594447,0,448800,0.3636325816364445,0.006833836445908953
2020-09-25,165594447,1,12423524,-0.08933996786213219,0.0012004681031755377
2020-09-25,165594447,2,7076929,0.11779633434783435,0.007398829812359529
2020-09-25,165594447,3,4149389,-0.007260645814705546,0.006221711812731043
2020-09-25,165594447,4,5347685,0.16290113267643289,0.0002990302630417689
2020-09-25,165594447,5,20025899,-0.18942064224324062,0.007639312454846332
2020-09-25,165594447,6,10942189,-0.1562412074123335,0.012047025936411025
2020-09-25,165594447,7,4619750,0.10727883673427653,0.0008696805923550287
2020-09-25,165594447,8,3136820,-0.06153268669220419,0.001173608453586267
2020-09-25,165594447,9,3831804,0.20292805296514715,0.0014815837236751223
2020-09-25,165594447,10,2653003,0.025291796422056298,0.0038450161705983403
2020-09-25,165594447,11,1071700,0.48391065048042853,0.0014797366592575504
2020-09-25,165594447,12,2070978,-0.021499785940095485,0.0014815967427376552
2020-09-25,165594447,13,2271467,-0.15085590042488406,0.004441816024524257
2020-09-25,165594447,14,1187420,0.1760730380896901,0.004735879468165823
2020-09-25,165594447,15,2047481,-0.28034212958191046,0.0029599701415928045
2020-09-25,165594447,16,3626628,0.20305252036058657,0.0029634435632761975
2020-09-25,165594447,17,3022405,-0.18360385560494738,0.000886517269670519
2020-09-25,165594447,18,5049683,0.03751541166324951,0.008877648611869886
2020-09-25,165594447,19,5464248,0.10075663454640305,0.010932172171473657
2020-09-25,165594447,20,3136700,0.08089237340646212,0.002947387169643353
2020-09-25,165594447,21,17249569,-0.026746491026922597,0.007354912368808144
2020-09-25,165594447,22,22296682,0.17996406416885266,0.009698369200194937
2020-09-25,165594447,23,10326110,0.05323689190358215,0.0035197724768739167
2020-09-25,165594447,24,12117584,-0.10306422913591332,0.003231911125736075
2020-09-28,114053676,0,1107300,-0.3343500956756931,0.002078436054166027
2020-09-28,114053676,1,11958992,0.25347522336597644,0.00561352092202504
2020-09-28,114053676,2,7836131,0.23304877668156687,0.0008831954684021663
2020-09-28,114053676,3,10198533,0.14557803712750714,0.00769204432984191
2020-09-28,114053676,4,9643384,-0.23805300356454115,0.0068128268152932644
2020-09-28,114053676,5,4499159,-0.24409688433146887,0.002078665703129986
2020-09-28,114053676,6,2726858,0.21932548738383473,0.0014847076416263344
2020-09-28,114053676,7,3247408,0.1755038030841531,0.0005924632001724007
2020-09-28,114053676,8,3479409,0.07563841330283627,0.0005939561819610426
2020-09-28,114053676,9,3439635,0.3124169257175613,0.0020675010797901036
2020-09-28,114053676,10,2794868,0.33030698791022217,0.004432164324201088
2020-09-28,114053676,11,1737022,-0.039268194980182296,0.0008844307985063228
2020-09-28,114053676,12,2875305,0.33259949241536974,0.0005943264088832344
2020-09-28,114053676,13,2179137,0.10278198570973801,0.003556156845311314
2020-09-28,114053676,14,2667758,-0.5007446360759353,0.0005836813542776226
2020-09-28,114053676,15,5978831,-0.20095003413538298,0.002363054991629148
2020-09-28,114053676,16,4427351,0.2014854532542015,0.0014741837106563383
2020-09-28,114053676,17,2120128,0.28973768044587067,0.0005890086231940239
2020-09-28,114053676,18,3277761,-0.3297641141202525,0.002360466215539746
2020-09-28,114053676,19,3338616,-0.23509703201803733,0.0032446561334341846
2020-09-28,114053676,20,2193446,-0.17082420104311088,0.0017698570767100941
2020-09-28,114053676,21,4245690,0.1149341447364447,1.2317183504477612e-07
2020-09-28,114053676,22,4388361,-0.1989227988848372,0.0008852975404311549
2020-09-28,114053676,23,4104923,-0.007719403099102825,0.000294934848150959
2020-09-28,114053676,24,9587670,-0.1457347227329821,0.0014791173935698478
2020-09-29,163923924,0,844300,-0.07723669133380744,0.006790431012894407
2020-09-29,163923924,1,24607800,-0.10828796693063102,0.0006194760394093874
2020-09-29,163923924,2,12504765,0.09080161421376785,0.008499111836269838
2020-09-29,163923924,3,6364668,-0.16939366955392338,0.007620530267109966
2020-09-29,163923924,4,19633343,-0.3503242340144667,0.002886517695068301
2020-09-29,163923924,5,14719271,-0.19590167554245055,0.005535609578569851
2020-09-29,163923924,6,6193006,-0.27819416773820765,0.0028978617568688465
2020-09-29,163923924,7,5209429,0.32619446111711464,0.0002970090470218815
2020-09-29,163923924,8,3430594,-0.09647777413805492,0.004652022492103608
2020-09-29,163923924,9,3390746,0.02582378172209951,0.0034880604495485202
2020-09-29,163923924,10,2946400,0.3002555536942349,0.0014527405873177204
2020-09-29,163923924,11,2314999,-0.03663636039255536,0.0002903331198537261
2020-09-29,163923924,12,3970549,-0.3421547413392934,0.0005810245036747306
2020-09-29,163923924,13,3567594,0.20850865357875792,0.00029033331600098074
2020-09-29,163923924,14,3260772,-0.17028571579926938,0.00203412404238546
2020-09-29,163923924,15,3796742,-0.24753326640410253,4.3109826959704096e-06
2020-09-29,163923924,16,5472129,-0.33617473895208916,0.0032051530822193052
2020-09-29,163923924,17,2315058,-0.6451453134676274,0.0017482215568645858
2020-09-29,163923924,18,3076420,0.018873058288340218,0.0002911701837257305
2020-09-29,163923924,19,3495121,-0.5312940624118073,0.0017452253561632603
2020-09-29,163923924,20,8086183,0.03614079228082437,0.0014547727822756971
2020-09-29,163923924,21,3438134,0.3294316839233388,0.0005809051477751264
2020-09-29,163923924,22,4263416,0.03501493117765046,0.002329003408186743
2020-09-29,163923924,23,6182011,-0.10266610464644496,0.0029109863020918953
2020-09-29,163923924,24,10840474,-0.22294325746472082,0.002042517878861087
2020-09-30,130819895,0,506000,-0.3968523511174671,0.006410686669632257
2020-09-30,130819895,1,12002402,0.11833359700082247,0.005240485000677302
2020-09-30,130819895,2,6776534,0.25482760009613264,0.00029021396010137654
2020-09-30,130819895,3,5346490,0.011904201190404017,1.1945403383707927e-07
2020-09-30,130819895,4,4228955,-0.30709712894490204,0.0017429547433251854
2020-09-30,130819895,5,7044100,0.18498290475745763,0.0008721921365004472
2020-09-30,130819895,6,4061584,0.11053794520884155,0.0008700473522210346
2020-09-30,130819895,7,2803538,-0.15815011144950106,0.0005799522584346019
2020-09-30,130819895,8,2749900,0.10230169767279317,0.0017410473981170434
2020-09-30,130819895,9,2307397,-0.28602805936032144,0.0014510712688997425
2020-09-30,130819895,10,4528265,0.4046073586794066,0.002911106545576385
2020-09-30,130819895,11,4035638,0.4367706233499475,0.002327444291070637
2020-09-30,130819895,12,2480385,0.15026984650894393,0.0005836622545057484
2020-09-30,130819895,13,3141437,-0.3428079870853241,0.0008753128180078273
2020-09-30,130819895,14,1584109,-0.08481267094416262,0.0017506256360156547
2020-09-30,130819895,15,4903675,0.08808434156558836,0.001171307369616228
2020-09-30,130819895,16,6098144,-0.02620145193624333,0.00028764718808121535
2020-09-30,130819895,17,3342187,-0.36268434746997824,0.0020524391922532486
2020-09-30,130819895,18,6839391,0.24123326221497,0.0014680624448414952
2020-09-30,130819895,19,7383620,0.11030005967277924,0.0011804659787639016
2020-09-30,130819895,20,10229606,0.2527621143060332,0.0005998387728506124
2020-09-30,130819895,21,5427508,-0.09801291508430704,0.0050246275361451
2020-09-30,130819895,22,6864780,0.08857123665842397,0.001464342204481661
2020-09-30,130819895,23,5840645,-0.26802060908313163,0.004121854956252087
2020-09-30,130819895,24,10293605,-0.2424063606227831,0.0008838205161296282
2020-10-09,181889786,0,2011545,-0.021619646287821533,0.01576297061000297
2020-10-09,181889786,1,27528565,-0.003138706299197054,0.010835030567468951
2020-10-09,181889786,2,14333111,-0.19802173966010314,0.007779396178584153
2020-10-09,181889786,3,10258352,-0.05076935899109406,0.007783624988244495
2020-10-09,181889786,4,8050967,-0.316188130995777,0.004612202080031583
2020-10-09,181889786,5,8444663,0.24990477032135128,0.00287839730786072
2020-10-09,181889786,6,19669473,0.014255094791115775,0.003713653717488864
2020-10-09,181889786,7,14540161,0.016855583843134368,0.006296645412269062
2020-10-09,181889786,8,4924456,0.03864044795893163,0.0008593510797062625
2020-10-09,181889786,9,2930485,-0.5092121447467902,0.0028597714096929077
2020-10-09,181889786,10,5209876,-0.31199034839669365,1.8484434212999958e-06
2020-10-09,181889786,11,3381029,-0.11220055048078499,0.0014277489553947724
2020-10-09,181889786,12,4281978,-0.01085773677307148,0.0008561191023566681
2020-10-09,181889786,13,6077561,0.009805558136368887,0.004001883592579514
2020-10-09,181889786,14,3336211,0.2230062150844441,0.002283740718477448
2020-10-09,181889786,15,2831134,-0.024275243176345312,0.0031542265107529174
2020-10-09,181889786,16,2810122,0.4555978644115476,0.0025795793473423916
2020-10-09,181889786,17,5890005,0.04739159445245873,0.0011483652309269914
2020-10-09,181889786,18,3878094,0.1524937731997593,0.0020083032241978156
2020-10-09,181889786,19,4729100,0.10493438618310476,0.0005742999316985364
2020-10-09,181889786,20,5040714,-0.15638776991666545,0.0008626174113568189
2020-10-09,181889786,21,3963718,0.04919199398534663,0.00287371812431907
2020-10-09,181889786,22,3939413,0.321521113040293,0.0034479014942259663
2020-10-09,181889786,23,6095346,0.2059660543663721,0.00028410748604719817
2020-10-09,181889786,24,7733707,0.012195204547333817,0.004029453899337657
2020-10-12,357564389,0,1611600,-0.3563535259208384,0.004270007727980158
2020-10-12,357564389,1,20153271,-0.22610970593297403,0.0043043210539430695
2020-10-12,357564389,2,37113061,-0.1228695372308534,0.006176265623699385
2020-10-12,357564389,3,39179386,-0.11838151090588005,0.0009987802421447946
2020-10-12,357564389,4,34729792,0.27745859726446864,0.007249747755313906
2020-10-12,357564389,5,22323507,0.35601926942364276,0.0016556603327518896
2020-10-12,357564389,6,20966265,-0.18233312434932106,0.003831605185759505
2020-10-12,357564389,7,30325290,0.6097529903561246,0.0046565402758468495
2020-10-12,357564389,8,8831971,0.3997573340095745,0.0021874937203998045
2020-10-12,357564389,9,7436556,0.06360512833192765,0.003555470121499217
2020-10-12,357564389,10,7550642,-0.1521247069156778,0.0008215260020437254
2020-10-12,357564389,11,4772802,0.07028037929631732,0.00027338347881098216
2020-10-12,357564389,12,9011449,-0.11676510939282868,0.00462419084706065
2020-10-12,357564389,13,13028775,-0.11136222011091025,0.006525911342249015
2020-10-12,357564389,14,7161282,0.043386462742287274,0.0008129179168688945
2020-10-12,357564389,15,15531911,0.20532241110768773,0.005696093244997173
2020-10-12,357564389,16,12219791,0.03714488250914866,0.012213583708131743
2020-10-12,357564389,17,6028746,-0.3171279194998644,0.007333226121209335
2020-10-12,357564389,18,5149364,-0.04004967435123978,0.0008185686206675855
2020-10-12,357564389,19,5203096,0.35426122112314906,0.00027138424437033105
2020-10-12,357564389,20,5126576,0.29223448307669947,0.0029984743507434184
2020-10-12,357564389,21,7506795,-0.11359960417346321,0.0002685359468882656
2020-10-12,357564389,22,7161350,-0.17032367329353668,0.005188492563339975
2020-10-12,357564389,23,12324525,-0.29740464393331767,0.00273214351511914
2020-10-12,357564389,24,17116586,0.27851676057764285,0.001356009262792655
2020-10-13,231502242,0,2300000,-0.3968449415312334,0.012551105905435803
2020-10-13,231502242,1,32200626,-0.009197272440438605,0.013672714778773938
2020-10-13,231502242,2,22674947,0.007112700441271748,0.006587963291068779
2020-10-13,231502242,3,10772987,-0.095659642161402,0.0043936813713644374
2020-10-13,231502242,4,11946166,-0.2622097610238569,0.0010945821938742938
2020-10-13,231502242,5,9532160,0.043206051370979666,0.0008263055186049292
2020-10-13,231502242,6,6570298,-0.19984087378593332,0.0016413600430844515
2020-10-13,231502242,7,11541939,-0.2897360025320334,0.0030024753399189225
2020-10-13,231502242,8,5014029,-0.08030932861991756,0.00354671381391475
2020-10-13,231502242,9,5827647,-0.15260255930283292,0.00109384746597215
2020-10-13,231502242,10,3623983,-0.010937375255568779,0.004095584928296473
2020-10-13,231502242,11,7873323,-0.3169717519491098,0.0002649773581307321
2020-10-13,231502242,12,10250463,-0.2681493924507892,0.00217749416793476
2020-10-13,231502242,13,4467728,0.23482347495686134,0.0019027567712579208
2020-10-13,231502242,14,4112805,-0.13028265308841222,0.002719015035727036
2020-10-13,231502242,15,3648362,0.17437959667147057,0.002720270256721785
2020-10-13,231502242,16,4740217,0.263940774551307,0.0027211077141738906
2020-10-13,231502242,17,5285084,-0.4815376386773552,0.0013607107192828212
2020-10-13,231502242,18,6753459,-0.354357256733993,0.0013594550160674589
2020-10-13,231502242,19,8261267,0.36972266728669345,0.0029915549081290485
2020-10-13,231502242,20,4732878,0.01350959393479081,0.003536529808597004
2020-10-13,231502242,21,12965747,0.01807987532802019,0.000538292105289263
2020-10-13,231502242,22,8019571,-0.4221750098017777,6.643332684914527e-06
2020-10-13,231502242,23,15630773,-0.3585572768133848,0.0032452654683090675
2020-10-13,231502242,24,12755783,-0.06415139245707742,0.000539981031259891
2020-10-14,152938361,0,804130,-0.33110189030492515,0.00325897693287399
2020-10-14,152938361,1,12558102,0.3560656657656027,0.0035279732359579275
2020-10-14,152938361,2,9256612,-0.29926056060912676,0.0016323086123038407
2020-10-14,152938361,3,9203463,0.2145040272656986,0.0032649318356246784
2020-10-14,152938361,4,14898036,0.27897115875223394,0.003840681574528867
2020-10-14,152938361,5,10141071,0.022519859531654078,0.008487320804784263
2020-10-14,152938361,6,4247080,0.3444722544909188,0.005208922292270153
2020-10-14,152938361,7,7128387,0.32946605384725725,0.0038388237582537943
2020-10-14,152938361,8,4698795,0.095283264250294,0.0002762509435578583
2020-10-14,152938361,9,4970942,-0.05847926680237977,0.0008218454254116933
2020-10-14,152938361,10,3075568,-0.2154229207566766,0.00027327782291484574
2020-10-14,152938361,11,3033843,-0.25717264702423787,0.0019148494223152576
2020-10-14,152938361,12,2227173,0.43243240961131835,2.651632597495096e-06
2020-10-14,152938361,13,5388332,0.4561088496680887,0.0010961833257354136
2020-10-14,152938361,14,8412189,0.09707879124529831,0.0016496565641225742
2020-10-14,152938361,15,4168660,0.045840166454521936,0.0024743789505840643
2020-10-14,152938361,16,2882528,-0.01633978840478143,4.278987045679322e-07
2020-10-14,152938361,17,4173116,-0.6780718396415232,0.0005485687419547093
2020-10-14,152938361,18,5824161,0.5709124420615381,0.0008240802908845864
2020-10-14,152938361,19,3835155,0.25634002431359126,1.063945075093529e-07
2020-10-14,152938361,20,2924945,0.006550422169665563,0.0005484636727160836
2020-10-14,152938361,21,5162329,0.6385933373062941,0.001648374696053075
2020-10-14,152938361,22,4887861,-0.07721702268614944,0.0035708748339566827
2020-10-14,152938361,23,9794885,-0.05189399896040027,0.0019098534525511465
2020-10-14,152938361,24,9240998,-0.24882796452380995,0.004104361086928554
2020-10-15,162669441,0,549482,0.372222879142061,0.0013654401750123042
2020-10-15,162669441,1,12959982,0.19584089754135942,9.479664710595215e-07
2020-10-15,162669441,2,7346553,-0.34499719588257,0.0010908986400998437
2020-10-15,162669441,3,8896240,-0.28957594203236814,0.0013625986294283567
2020-10-15,162669441,4,7097228,-0.21291544752250527,0.0002701298416182756
2020-10-15,162669441,5,33422318,-0.008780665248979188,0.00378450397001744
2020-10-15,162669441,6,12922184,0.16906689519759133,0.009202987607990524
2020-10-15,162669441,7,8542757,0.1565604793423113,0.0018843583849516075
2020-10-15,162669441,8,6264417,0.5559353892704817,0.0016294858916605852
2020-10-15,162669441,9,5590860,-0.16562329578812635,0.0013647010021884587
2020-10-15,162669441,10,3451075,0.19756696431442794,0.0038185153137863144
2020-10-15,162669441,11,2618700,-0.29017615566916,0.002181693330148402
2020-10-15,162669441,12,2437479,0.25902010182934027,0.0008183578807893411
2020-10-15,162669441,13,3847351,-0.07752797745475211,1.685274604428414e-06
2020-10-15,162669441,14,2380569,0.44027673504506953,0.001092478828649014
2020-10-15,162669441,15,2270331,0.07204303715200949,0.000273277986468551
2020-10-15,162669441,16,2670061,-0.3407312209378738,0.0019091520830117423
2020-10-15,162669441,17,2497553,-0.18404160079868326,0.00300005218546116
2020-10-15,162669441,18,2748656,-0.1175197598460849,0.00054718583751856
2020-10-15,162669441,19,3502907,0.4094760675164034,2.6393517754792523e-06
2020-10-15,162669441,20,7628340,0.29581322424902434,0.0013754063324651967
2020-10-15,162669441,21,3645226,-0.062290574442354724,0.004663967751057024
2020-10-15,162669441,22,5009060,0.34100075519131595,0.00439207800642927
2020-10-15,162669441,23,5951357,-0.03713540908225832,0.003020813672907777
2020-10-15,162669441,24,8418755,-0.2766460788606734,0.0005498497797954282
2020-10-16,155496815,0,854452,0.2812055634181697,0.0019263477445310919
2020-10-16,155496815,1,12515648,-0.1133855403246205,0.008509235764909034
2020-10-16,155496815,2,11579287,0.1456404166782136,0.00794927836089418
2020-10-16,155496815,3,5941478,-0.09807947132284389,0.0010927951422152378
2020-10-16,155496815,4,4745397,-0.12057188890373273,0.0010959709497548834
2020-10-16,155496815,5,4039377,0.04564094730061972,0.0013695661480558829
2020-10-16,155496815,6,7717129,0.12441621464462554,0.001643161346356882
2020-10-16,155496815,7,4385139,0.33499984756126483,0.003012197168370574
2020-10-16,155496815,8,6789088,-0.2886848016146882,0.006557330518830549
2020-10-16,155496815,9,17618967,-0.044004787595231167,0.006004972494455333
2020-10-16,155496815,10,4842228,-0.1256929845152022,0.0005442421243832315
2020-10-16,155496815,11,5058965,0.48560859524995964,0.003826745552667892
2020-10-16,155496815,12,7392542,0.3477495253164706,0.0030020409263948594
2020-10-16,155496815,13,4096681,0.23030626989875122,0.004656639841341778
2020-10-16,155496815,14,2296738,-0.3661153846088161,0.0043793335828542276
2020-10-16,155496815,15,3625967,0.06574921962066861,0.0024585526914782047
2020-10-16,155496815,16,5895583,-0.19783317405233541,0.0002683321946974021
2020-10-16,155496815,17,8533464,-0.19163951674727492,0.0010913151870601146
2020-10-16,155496815,18,6145852,-0.17346928051052515,0.0002724342243648171
2020-10-16,155496815,19,3295438,-0.05978594421514242,0.00271901632313314
2020-10-16,155496815,20,4095577,0.05403026286455929,0.0029923926870616666
2020-10-16,155496815,21,5406092,0.2799351112274516,0.0027237286427733566
2020-10-16,155496815,22,4791287,0.26034370329358747,0.0029974238926312857
2020-10-16,155496815,23,6332870,0.27765128744624157,0.0008180422984393548
2020-10-16,155496815,24,7501569,-0.40254959588339156,0.0002723307490570499
2020-10-19,264230621,0,6924608,-0.25002736478325804,0.026978828459917583
2020-10-19,264230621,1,60025150,-0.27427296582851396,0.04020605255711337
2020-10-19,264230621,2,28030696,-0.27926401157494646,0.018017578158280777
2020-10-19,264230621,3,24517281,-0.005314317621664871,0.005586496139394922
2020-10-19,264230621,4,14340250,0.01232676701092736,0.003975346150310189
2020-10-19,264230621,5,10649867,0.32219710907502264,0.009285288933655248
2020-10-19,264230621,6,11152171,0.021879608499700137,0.003702320117835185
2020-10-19,264230621,7,10047443,0.15210624281758275,0.001868483279055363
2020-10-19,264230621,8,5289813,-0.40059465460001975,0.0008029728483084944
2020-10-19,264230621,9,4478567,0.0449572113163819,0.003217885154120653
2020-10-19,264230621,10,4512994,-0.48412171779180446,0.004560916064295669
2020-10-19,264230621,11,4444081,-0.03175730702433849,0.004835844332507316
2020-10-19,264230621,12,9184164,-0.07007797711361977,0.0032251220387882447
2020-10-19,264230621,13,4724218,0.3022811749420278,0.0005385428906067837
2020-10-19,264230621,14,4698480,0.031596371577050336,0.0016160391466242027
2020-10-19,264230621,15,3600578,-0.12540344562862235,0.0002716870977518354
2020-10-19,264230621,16,5525725,0.13028991399773301,0.0005440086237023664
2020-10-19,264230621,17,6043053,0.16125821143252222,0.004865936502323862
2020-10-19,264230621,18,4698504,0.1010837665804556,0.0035123147770441455
2020-10-19,264230621,19,4436604,-0.015144857066001823,0.0005395702521919041
2020-10-19,264230621,20,5607111,-0.02770769981379466,0.002704044523506307
2020-10-19,264230621,21,5350124,-0.002302196243751566,0.001890810642968805
2020-10-19,264230621,22,8674757,0.3668436343322953,0.0013599734580022674
2020-10-19,264230621,23,6258128,-0.17129030140010348,0.0038037386863709684
2020-10-19,264230621,24,11016254,-0.20787628817132786,0.003805409744243824
2020-10-20,261229670,0,2591557,-0.31682093305195896,0.002719225444994051
2020-10-20,261229670,1,24962781,-0.19816903764424956,0.0037954089973403623
2020-10-20,261229670,2,19361157,0.13358014380729047,0.0018523474745268304
2020-10-20,261229670,3,17338207,0.13946259411904996,0.0072651033943057965
2020-10-20,261229670,4,9639992,-0.2443338015044812,0.0008044953021148952
2020-10-20,261229670,5,6044700,-0.13973992632463803,0.002145898987050602
2020-10-20,261229670,6,6860460,0.1317188443189534,0.00375478883061664
2020-10-20,261229670,7,5961744,0.23102085721632046,0.0002743205388878763
2020-10-20,261229670,8,5122164,0.27873210163700696,6.567625456147645e-06
2020-10-20,261229670,9,5956470,0.10908261331018515,0.002968410735313515
2020-10-20,261229670,10,3864446,-0.261661320283698,0.0002686009340793392
2020-10-20,261229670,11,3964514,-0.20757870014548427,0.0008050959895793263
2020-10-20,261229670,12,9180517,-0.07687186695614787,0.001333958772477147
2020-10-20,261229670,13,17847808,-0.26030611604165377,0.003753065316561423
2020-10-20,261229670,14,6286461,0.08175051234276892,0.0040073897273815405
2020-10-20,261229670,15,13164816,-0.24305278719447235,0.0008128092230746542
2020-10-20,261229670,16,26874412,-0.09736128046002103,0.00080372254140874
2020-10-20,261229670,17,14364324,-0.05120498889602282,0.0015776284369568114
2020-10-20,261229670,18,8339458,-0.1168270980253997,0.005543973013459189
2020-10-20,261229670,19,8936406,0.11904598913942158,0.0023956446549423496
2020-10-20,261229670,20,4969732,0.16473857510402257,0.003974353429662738
2020-10-20,261229670,21,6705254,0.3701368052507057,0.003718426458230649
2020-10-20,261229670,22,6589733,0.05605928157408633,0.0021274275614125457
2020-10-20,261229670,23,11923568,-0.30110117881341164,0.00026250870991583
2020-10-20,261229670,24,14378989,0.20047412960385752,0.0023784093088343055
2020-10-21,178556200,0,1296888,-0.4059778441709795,0.002377915586035421
2020-10-21,178556200,1,22202493,0.1623290734381391,0.007950543563101401
2020-10-21,178556200,2,14974783,0.4075337173430117,0.006363108187805962
2020-10-21,178556200,3,8057042,0.20178108168862863,0.0013345163746403261
2020-10-21,178556200,4,9692797,-0.010114007404534487,0.007188699776002756
2020-10-21,178556200,5,9262080,-0.30508036968195273,0.010908320495203027
2020-10-21,178556200,6,13063190,-0.15542908620209192,0.0037165942569294193
2020-10-21,178556200,7,9910250,0.21027161567789643,0.0026912471681537673
2020-10-21,178556200,8,10111856,0.05395923622857696,0.004564490975108251
2020-10-21,178556200,9,5241288,-0.2575823469866739,0.0008077630656414151
2020-10-21,178556200,10,9415387,-0.2929573289823638,0.0008096115333843893
2020-10-21,178556200,11,5010858,-0.08020329627190215,0.0032348517385891295
2020-10-21,178556200,12,3037490,0.01788856888635231,0.0024252402052047403
2020-10-21,178556200,13,3712568,-0.2788469627440355,0.0013495938285731058
2020-10-21,178556200,14,5010441,-0.1298845371951068,0.0018881367191798896
2020-10-21,178556200,15,4662289,0.11006408441497877,0.0010795525473806205
2020-10-21,178556200,16,4725783,0.1330371279191552,0.002159105094761241
2020-10-21,178556200,17,3934890,0.21418703719948676,0.0037753498697162126
2020-10-21,178556200,18,3398296,-0.386203048841353,0.0029649150348845105
2020-10-21,178556200,19,5730353,-0.5708547262699878,0.0029556968607303796
2020-10-21,178556200,20,4928946,0.13712613345939897,0.0032230790078993403
2020-10-21,178556200,21,3141346,-0.20831370320618936,0.0008065333667950727
2020-10-21,178556200,22,2958374,-0.10256716564500971,0.0018805526603683765
2020-10-21,178556200,23,6686007,-0.2852110232964815,0.002143965695377508
2020-10-21,178556200,24,8390505,-0.4636038225913424,0.004825859118940227
2020-10-22,191833447,0,2182900,-0.4059711810394736,0.004328044483728665
2020-10-22,191833447,1,19528612,-0.49726504293639107,0.010255192086682775
2020-10-22,191833447,2,9984290,0.3495588621135792,0.006482688238167521
2020-10-22,191833447,3,13142863,0.05970816069917554,0.0005536499244079153
2020-10-22,191833447,4,8648061,0.03506654641742625,0.0016211510936153767
2020-10-22,191833447,5,21400769,0.11989921256927827,0.0060357445245651595
2020-10-22,191833447,6,13483884,-0.24149007445371984,0.009867558761850144
2020-10-22,191833447,7,8032906,-0.10268136867152111,0.0011022604820434658
2020-10-22,191833447,8,6615958,-0.04264332425787892,0.0002754007751050951
2020-10-22,191833447,9,4884624,0.31589403339929745,0.001364908623032187
2020-10-22,191833447,10,4449113,-0.06714630898086374,0.0019137919676519436
2020-10-22,191833447,11,2578840,-0.13674396948233533,0.0002725405161025526
2020-10-22,191833447,12,3273843,0.2789965540964892,0.004098017948769968
2020-10-22,191833447,13,2978147,-0.5165889712857075,0.005194510801369562
2020-10-22,191833447,14,2313640,0.30878870597622415,3.8036085375945695e-06
2020-10-22,191833447,15,3981817,-0.04376201267847392,0.0010836525288966514
2020-10-22,191833447,16,3806940,-0.03448689880338414,0.002993441366035149
2020-10-22,191833447,17,3746949,0.1977017402087667,0.0013578886425272606
2020-10-22,191833447,18,2591015,0.28506113877694533,0.002716090687966074
2020-10-22,191833447,19,2304197,-0.23979094122671327,0.0019018168018289045
2020-10-22,191833447,20,2657537,-0.061467789803838865,0.0008146911685698847
2020-10-22,191833447,21,22280129,-0.17723612793435878,0.00968856594977426
2020-10-22,191833447,22,13005600,0.22207562697825076,0.01749038356037505
2020-10-22,191833447,23,5795113,-0.34228229448652725,0.005364484886149547
2020-10-22,191833447,24,8165700,0.00793892883745948,0.0005446371162415723
2020-10-23,154991367,0,823000,-0.37546059050252584,0.002979055578556734
2020-10-23,154991367,1,7947498,-0.2138288295737549,0.0008130258795979405
2020-10-23,154991367,2,6834077,-0.04024468588384738,0.0016250145377642356
2020-10-23,154991367,3,7017220,-0.3548109817314518,0.0002743019232348567
2020-10-23,154991367,4,4929864,0.25034520372563307,0.00027619555402482593
2020-10-23,154991367,5,4823737,-0.35820576789018693,0.004624493947693406
2020-10-23,154991367,6,3991308,0.19195852683754286,0.006803044700843047
2020-10-23,154991367,7,3507348,-0.3121965639858304,0.007352004074479821
2020-10-23,154991367,8,2451840,-0.023203039998896655,0.005445993999665362
2020-10-23,154991367,9,5375066,-0.009779286289832306,0.001086175422245643
2020-10-23,154991367,10,2978577,-0.057492857694243685,0.004903120011129669
2020-10-23,154991367,11,5679877,0.023670243593030185,0.002726553484837931
2020-10-23,154991367,12,2267193,0.028943927048482827,0.0021707042824674234
2020-10-23,154991367,13,1740225,-0.24017102863626694,0.0016282364528805032
2020-10-23,154991367,14,2478378,0.3820909935401294,0.002989152763659724
2020-10-23,154991367,15,2599322,0.25425626063936024,0.0021739377029558827
2020-10-23,154991367,16,4289527,-0.35941003663948884,0.0016369269078361072
2020-10-23,154991367,17,7323023,-0.0027948776755598813,0.001636085244306021
2020-10-23,154991367,18,5232957,0.24869838044917533,0.002190139941454142
2020-10-23,154991367,19,9753892,0.16775252185459835,0.000541452320911759
2020-10-23,154991367,20,6600929,-0.609198386790642,0.0035694882299009962
2020-10-23,154991367,21,3124031,0.017226984121113387,0.0016476281967714773
2020-10-23,154991367,22,5416817,0.22258730413618766,0.0010979921168729854
2020-10-23,154991367,23,18263938,-0.11796582181592631,0.00914008573927054
2020-10-23,154991367,24,29541723,-0.2197668091533908,0.005764473175994544
2020-10-26,246258894,0,2454200,0.3331142654834842,0.0019447082708760799
2020-10-26,246258894,1,37654864,-0.19787750251308991,0.017744885399902943
2020-10-26,246258894,2,27541587,-0.15425392536982416,0.022298633865078493
2020-10-26,246258894,3,13436363,-0.5864963049369176,0.0014473862980534167
2020-10-26,246258894,4,10940663,-0.11540999417148708,0.0031646102075976587
2020-10-26,246258894,5,8634154,-0.35427497168311195,0.005466727506241175
2020-10-26,246258894,6,8130959,0.03385305650700589,0.004310053986642219
2020-10-26,246258894,7,4361901,-0.21475954555359572,0.001153141917302647
2020-10-26,246258894,8,3195036,-0.10459526900297879,0.003151321621227871
2020-10-26,246258894,9,3379273,0.22817648137195723,0.0028655660559557417
2020-10-26,246258894,10,5039670,0.06790573073793506,0.001146504963273157
2020-10-26,246258894,11,4184495,-0.6151490138978575,0.0008597043991358579
2020-10-26,246258894,12,4474203,-0.2448002534266409,0.0025896038123109227
2020-10-26,246258894,13,5003571,-0.32678887652491323,0.0011403860580907557
2020-10-26,246258894,14,3950674,-0.388209618709526,0.002886859889809066
2020-10-26,246258894,15,7268160,0.36690616078324145,0.0034723616763077075
2020-10-26,246258894,16,16200162,-0.01922525767722064,0.000594596861884492
2020-10-26,246258894,17,18049929,-0.2137491179405851,0.003541096238987805
2020-10-26,246258894,18,16337094,-0.058745538411633526,0.006441106776609528
2020-10-26,246258894,19,9096109,0.011721160224835681,0.0017665405631953556
2020-10-26,246258894,20,7172759,0.04287759333705298,0.00029163038149624684
2020-10-26,246258894,21,5522119,-0.4274887867591858,0.001175694487863758
2020-10-26,246258894,22,6593957,-0.15097544213510294,0.004676914115413226
2020-10-26,246258894,23,6240628,0.3572165148297211,0.005261790483765366
2020-10-26,246258894,24,11396364,0.3554288594505004,0.002328763907911281
2020-10-27,128615591,0,2053539,0.40373816821717534,0.007288170790188571
2020-10-27,128615591,1,11574693,0.07610007283488765,0.007297437245543077
2020-10-27,128615591,2,11575082,0.01811952903149899,0.0020289345023466222
2020-10-27,128615591,3,9454442,0.48579662719991784,0.0046563405798592215
2020-10-27,128615591,4,5503860,0.012108356495718961,0.0017471397721681731
2020-10-27,128615591,5,7987407,0.10233866935117439,0.0005928004285332986
2020-10-27,128615591,6,4881174,-0.17662192193308268,0.005549921861162442
2020-10-27,128615591,7,3018800,-0.2725377575203491,0.0029208463340745054
2020-10-27,128615591,8,4650526,-0.22437835354235458,0.0032027571090784642
2020-10-27,128615591,9,1732484,-0.3467319291844702,0.0032016784753635527
2020-10-27,128615591,10,1738355,0.08447441876377866,0.0023299626860020504
2020-10-27,128615591,11,1929086,-0.1591239955847516,0.0017448604714483153
2020-10-27,128615591,12,2087442,-0.21729373081611913,0.0008756741443409025
2020-10-27,128615591,13,4051405,-0.37656937802496887,0.0002921325309829273
2020-10-27,128615591,14,3828728,-0.43713820739749915,0.0002921325309829273
2020-10-27,128615591,15,4766861,0.07221165970670722,0.0005841444208180814
2020-10-27,128615591,16,6187512,-0.09097336860942705,0.0017476195427681166
2020-10-27,128615591,17,5999241,-0.2608832003511812,0.0002977590811942539
2020-10-27,128615591,18,4313139,0.3211190311527419,0.004068009764783888
2020-10-27,128615591,19,3590460,-0.2681712093798991,0.004358104858570321
2020-10-27,128615591,20,5512041,-0.1915254002658824,0.0005860242599868618
2020-10-27,128615591,21,4596948,0.08910419476226038,0.003766246526169463
2020-10-27,128615591,22,4096064,0.49641037418733375,0.0005759074504737671
2020-10-27,128615591,23,5647544,-0.040963595171328714,0.0008705218366164173
2020-10-27,128615591,24,7838758,0.12202496037195455,0.0017447463593836987
2020-10-28,163370686,0,362000,0.3586394631971612,0.0034909304985526524
2020-10-28,163370686,1,9192765,-0.06926243121677464,0.002910625967950174
2020-10-28,163370686,2,10118035,0.05891305789465488,0.0029163881706304115
2020-10-28,163370686,3,9000726,0.2163308712295665,0.0002853738032882391
2020-10-28,163370686,4,11095775,0.3265010333767652,0.00029990488760291503
2020-10-28,163370686,5,6688401,0.40230641517215,0.0026421731337824854
2020-10-28,163370686,6,4002125,0.5578200141207469,0.0005871758746898229
2020-10-28,163370686,7,3749851,-0.15255528373256794,0.0011705801751816186
2020-10-28,163370686,8,4353475,0.31381015157119413,0.00029782728203769714
2020-10-28,163370686,9,4901257,-0.07583700999203749,0.001753882952564599
2020-10-28,163370686,10,4218921,0.16505072253256348,0.0005841444208180814
2020-10-28,163370686,11,4064790,-0.054288707946930324,0.0005855941109284363
2020-10-28,163370686,12,5636441,-0.568412748336135,0.005255385447897315
2020-10-28,163370686,13,6618497,-0.17576227476668504,0.003503905393263034
2020-10-28,163370686,14,12831556,-0.026474970528814177,0.0028986926465943653
2020-10-28,163370686,15,7420602,-0.24334211354732296,0.004928533756456343
2020-10-28,163370686,16,9021642,-0.07723798810783339,0.0031854635597318437
2020-10-28,163370686,17,8005436,0.07738468234633131,0.0031848706833354583
2020-10-28,163370686,18,3811463,-0.4151890589528253,0.0011576494483980283
2020-10-28,163370686,19,4823203,0.006936781283642196,0.0017379568491540148
2020-10-28,163370686,20,7318052,0.35159933657102366,0.000869689099764104
2020-10-28,163370686,21,6832500,-0.2922444040420391,0.00028831907730711995
2020-10-28,163370686,22,5912735,-0.13869455578290454,0.0034701119410389847
2020-10-28,163370686,23,6130507,-0.17399398604269992,0.00173345389133822
2020-10-28,163370686,24,7259931,-0.21478411800361247,0.0002893810131750885
2020-10-29,184996328,0,2683802,0.39061869754877787,0.006716800896417738
2020-10-29,184996328,1,15770429,-0.1644257523519987,0.008469996698847744
2020-10-29,184996328,2,6540136,-0.07999249533405337,0.0002944365248988976
2020-10-29,184996328,3,7731722,0.2366635204510468,0.002342504689924327
2020-10-29,184996328,4,6235969,0.3902413507965669,0.0011710700806200468
2020-10-29,184996328,5,4683484,0.27379250060111576,0.001172526686442232
2020-10-29,184996328,6,7329953,0.011223676585887096,0.004108777876209342
2020-10-29,184996328,7,8397243,-0.23749433158914252,0.005286299656675891
2020-10-29,184996328,8,4147764,0.0635946629480757,0.0023502918558375736
2020-10-29,184996328,9,3806955,0.03238905720477514,0.0035149149590592227
2020-10-29,184996328,10,5463485,-0.30988919748706617,1.4609795167684514e-05
2020-10-29,184996328,11,5343877,-0.09741155914500907,0.002044312147574481
2020-10-29,184996328,12,5737399,-0.23778105100599536,0.003780905059550929
2020-10-29,184996328,13,5269243,0.4857231171745861,0.002035197352424612
2020-10-29,184996328,14,3741957,-0.31433281247435957,0.0029130241154878816
2020-10-29,184996328,15,4578130,-0.2244087340034133,0.0017485799183600413
2020-10-29,184996328,16,5654849,-0.554555960323676,0.001159665217471371
2020-10-29,184996328,17,23658467,0.22264292245234163,0.00028475219469224067
2020-10-29,184996328,18,7699108,-0.2811864764459968,0.0011593051452367727
2020-10-29,184996328,19,5308076,0.3632102731055759,0.0028895723290028826
2020-10-29,184996328,20,9886420,-0.17728750769360246,0.0023125795154233615
2020-10-29,184996328,21,11549074,-0.3189599490276321,0.002886035753002539
2020-10-29,184996328,22,6478361,-0.2734489162153893,0.005194488816252907
2020-10-29,184996328,23,7306006,0.03627415791271765,0.0023078621243590672
2020-10-29,184996328,24,9994419,0.1112086025401858,0.003182031466765744
2020-10-30,218503741,0,815599,-0.13147508749096812,0.0003030569863614479
2020-10-30,218503741,1,11271640,-0.18945563006878302,0.005231974555113827
2020-10-30,218503741,2,7638354,-0.18507052439438007,0.0017453446140498427
2020-10-30,218503741,3,6730840,-0.06464662624803612,0.0023251743783270547
2020-10-30,218503741,4,6542502,0.36298612161812116,0.0011609705727068866
2020-10-30,218503741,5,5469786,0.5174841013039787,1.081300118149125e-06
2020-10-30,218503741,6,6788092,-0.058248437017300654,0.0014635597461747992
2020-10-30,218503741,7,12401571,0.1442456833585023,7.759488411310266e-06
2020-10-30,218503741,8,5174464,0.2501712293518737,0.004692542048646891
2020-10-30,218503741,9,4443925,-0.06979574355716948,0.004692542048646891
2020-10-30,218503741,10,6377615,0.24028378207574494,0.0011702095786872957
2020-10-30,218503741,11,2927889,0.537510530604564,0.002939420916052906
2020-10-30,218503741,12,3432070,-0.4956262563151175,0.0023506574951973618
2020-10-30,218503741,13,3778740,0.13390298442983647,0.0020546294938141823
2020-10-30,218503741,14,5099595,0.35369580703616293,0.003228494972707225
2020-10-30,218503741,15,9283878,-0.11712597437599584,4.397416557760965e-06
2020-10-30,218503741,16,8857699,0.39844612138758395,0.0008910738184482888
2020-10-30,218503741,17,14334606,0.2857775329655314,0.002360836039036101
2020-10-30,218503741,18,10097017,0.178490662326145,0.005646310059572605
2020-10-30,218503741,19,20985992,-0.08260369896045376,0.0038505173468800684
2020-10-30,218503741,20,10054769,0.015603533977493887,0.0003063991222046571
2020-10-30,218503741,21,13681231,-0.1051008958252888,0.003598002330714686
2020-10-30,218503741,22,18752469,-0.40508933215598647,0.008128056979898607
2020-10-30,218503741,23,9372007,0.1663309321428091,0.008137809005221612
2020-10-30,218503741,24,14191391,-0.11468091725636315,0.0018143870145445485
2020-11-02,160205241,0,955452,0.2532851298397592,0.002115212917697911
2020-11-02,160205241,1,20496238,-0.02672891737138484,0.012829202715537768
2020-11-02,160205241,2,14526267,-0.11613419679933883,0.017303362499881816
2020-11-02,160205241,3,7870064,0.06590133297615355,0.0008816558456136906
2020-11-02,160205241,4,7390718,0.04578491108488703,0.004802142684092698
2020-11-02,160205241,5,6584999,0.08180994518660235,0.008086108664382736
2020-11-02,160205241,6,4873504,-0.15666804078952185,0.0026905636773448013
2020-11-02,160205241,7,3833633,0.10002944697865437,0.003892615443554745
2020-11-02,160205241,8,3278076,0.2748476946676107,0.000597470911073787
2020-11-02,160205241,9,4197064,0.13058976782326534,0.0023974796957834245
2020-11-02,160205241,10,3197769,-0.05130712482873457,0.0023944352576549597
2020-11-02,160205241,11,7080686,0.12135175663926291,0.0027000916397225874
2020-11-02,160205241,12,2883100,-0.14108991996995376,6.2157139074207765e-06
2020-11-02,160205241,13,8780866,-0.2509854564042997,0.004785964223993765
2020-11-02,160205241,14,3643557,-0.019825064766721436,0.0029922886619056363
2020-11-02,160205241,15,6017873,-0.18717088096610962,0.00420553227521952
2020-11-02,160205241,16,11721331,-0.29762924425806736,0.004809113444224778
2020-11-02,160205241,17,3570580,-0.41445665774156676,0.002099314893634645
2020-11-02,160205241,18,8969623,0.11482061320082522,0.0011797272440994778
2020-11-02,160205241,19,3771200,0.056406533464305325,0.006270370360970627
2020-11-02,160205241,20,3345039,0.05495406905560429,0.0008921094819908619
2020-11-02,160205241,21,4883970,0.19271174609023878,0.002103385174953892
2020-11-02,160205241,22,4602872,-0.019041651835996178,0.0029986331645882433
2020-11-02,160205241,23,5054175,0.35515531048458987,1.2793217481887258e-07
2020-11-02,160205241,24,8676585,-0.47459285893989767,0.0003012167325267115
2020-11-03,248325718,0,477532,0.4052349357084604,0.0045062375989733915
2020-11-03,248325718,1,19483965,-0.1411701316303716,0.003247395033955474
2020-11-03,248325718,2,14021096,-0.11100278012601396,0.004192973304827263
2020-11-03,248325718,3,16674702,-0.06962383279572056,0.0006006028040738149
2020-11-03,248325718,4,19472479,-0.14240970115825294,0.004669198680005789
2020-11-03,248325718,5,19043250,0.09578472848836883,0.0067359158409990745
2020-11-03,248325718,6,14129303,-0.543168132039858,0.005509454305448643
2020-11-03,248325718,7,25169117,0.054722553987657505,0.0029181200554596054
2020-11-03,248325718,8,20076018,-0.10235415197888562,0.002882624380240763
2020-11-03,248325718,9,22499265,-0.5074418993591177,0.00315737264724486
2020-11-03,248325718,10,9747000,0.29032396149376566,0.009197369674730482
2020-11-03,248325718,11,5924529,-0.13243374162154267,0.006328788855549812
2020-11-03,248325718,12,5619837,0.026874033206602078,0.0020233146467470197
2020-11-03,248325718,13,3956582,0.1319808887914108,0.00028582986944680554
2020-11-03,248325718,14,3164870,0.376901893838976,0.00029366550405458835
2020-11-03,248325718,15,4032670,-0.24642566235408156,0.005801203109982852
2020-11-03,248325718,16,3928873,0.18962015844249994,0.007245973425888743
2020-11-03,248325718,17,2357235,0.5408084242010626,0.0034774620851974847
2020-11-03,248325718,18,5824538,-0.05067975206532402,0.0011595478177449368
2020-11-03,248325718,19,3828422,0.07812501237160532,0.0031900955834928157
2020-11-03,248325718,20,3456451,0.3676775315364953,0.004059549964777802
2020-11-03,248325718,21,3808877,-0.06737707395170651,0.0034780523350496275
2020-11-03,248325718,22,4012120,0.10134586045571169,1.901874993455077e-06
2020-11-03,248325718,23,8153839,-0.28611054470461167,0.00029283871537131933
2020-11-03,248325718,24,9463148,0.03481937341237715,0.0008712368907161737
2020-11-04,147089475,0,2064500,-0.31309498514936984,0.00116444103933465
2020-11-04,147089475,1,19639811,0.33509869841832446,0.004375251341765784
2020-11-04,147089475,2,12999839,-0.1239520292390167,0.0023287379376967965
2020-11-04,147089475,3,6892874,-0.09587193801039988,0.0023432324396915325
2020-11-04,147089475,4,5505916,0.457993579318197,0.003519042614253387
2020-11-04,147089475,5,4561780,-0.06025568205468967,0.003521233118384195
2020-11-04,147089475,6,4907069,-0.012894907562978553,0.0014684280842012835
2020-11-04,147089475,7,12250566,0.30942627240101306,0.0038330546566485266
2020-11-04,147089475,8,8842073,-0.3017676582396133,0.005011332056562279
2020-11-04,147089475,9,4829747,-0.0988432156200075,0.0002945646118474647
2020-11-04,147089475,10,3661673,-0.3541240290281417,0.005282404739035167
2020-11-04,147089475,11,14867022,-0.13901090100517904,0.004415514666262931
2020-11-04,147089475,12,3837776,-0.0014158102548646706,0.0023360963142585955
2020-11-04,147089475,13,3463260,0.09189442299298523,0.003221930932661147
2020-11-04,147089475,14,3594556,0.017053828057333003,0.0029244631277462177
2020-11-04,147089475,15,2454504,-0.23906934327311818,0.004399081500761152
2020-11-04,147089475,16,3093416,0.15642283024723336,0.004688658300128301
2020-11-04,147089475,17,2783532,0.291807186684071,0.0026337878301498615
2020-11-04,147089475,18,3583664,-0.16089484637269474,0.000580159859336272
2020-11-04,147089475,19,3654914,-0.019576495327114734,0.0035020958585588774
2020-11-04,147089475,20,3395126,-0.3114548747041774,0.00029575326992833055
2020-11-04,147089475,21,2322418,-0.07738030795395692,0.002339961626900695
2020-11-04,147089475,22,2948775,-0.3518323818983732,4.841632724228022e-07
2020-11-04,147089475,23,5274800,-0.05713715348789128,0.0008772432784135795
2020-11-04,147089475,24,5659864,-0.15653270435908395,0.0014611459178213069
2020-11-05,254114552,0,5635800,-0.26902685123504694,0.014137792539553247
2020-11-05,254114552,1,44363896,-0.23237854127281937,0.016164183347671435
2020-11-05,254114552,2,36637345,0.5348575207975057,0.00910468479996766
2020-11-05,254114552,3,17648201,-0.031198031768464852,0.012500778932804274
2020-11-05,254114552,4,9397826,-0.04049508709659369,0.0014036214851892968
2020-11-05,254114552,5,8953713,0.08120221839943549,0.002278692200284276
2020-11-05,254114552,6,5963200,0.04436137275615798,0.0014283255674555353
2020-11-05,254114552,7,5364195,0.047833055349962926,1.0372317851489793e-06
2020-11-05,254114552,8,5236247,-0.019392218060576966,0.0014214296085526643
2020-11-05,254114552,9,5118466,0.18063659418763522,0.0062674519906354975
2020-11-05,254114552,10,3118918,-0.02113511782767187,0.003990133496646579
2020-11-05,254114552,11,3666428,0.09255845793715398,0.002567669164224358
2020-11-05,254114552,12,3405242,0.0018282497131336816,0.0014294688682683408
2020-11-05,254114552,13,3248220,-0.28982032995771134,0.0037017322198283037
2020-11-05,254114552,14,3433720,-0.13961902752253755,0.0028488281880555866
2020-11-05,254114552,15,8221069,0.21611119797040887,0.003129310521857342
2020-11-05,254114552,16,4476321,0.1750353998220651,0.004550977912392296
2020-11-05,254114552,17,10506406,-0.17427634002191503,0.003973882081652335
2020-11-05,254114552,18,12684787,-0.19978586441322616,0.0017056871343214934
2020-11-05,254114552,19,19302640,0.12660798588846978,0.0016898350756234107
2020-11-05,254114552,20,10678320,-0.24614398228776688,0.005360644680831146
2020-11-05,254114552,21,4841053,0.40717391359866717,0.0008412495996671974
2020-11-05,254114552,22,6387693,-0.024947367759975154,0.0008473370668057117
2020-11-05,254114552,23,6247252,-0.6632289803171999,0.002267163328814957
2020-11-05,254114552,24,9577594,-0.03159588351465619,0.001416764211059317
2020-11-06,254439544,0,1238700,-0.39758749766375434,0.000849717844515117
2020-11-06,254439544,1,16903546,-0.05179377188559568,0.0019900722421750316
2020-11-06,254439544,2,13342034,0.12447158298503776,0.005112533806836098
2020-11-06,254439544,3,22619496,-0.12482804230495909,0.0025564375178075797
2020-11-06,254439544,4,7357804,0.13824900531577017,0.0008522209545474583
2020-11-06,254439544,5,11934618,-0.32390780529779195,0.006797328351089903
2020-11-06,254439544,6,9783845,0.38325391782341917,0.0067900758994624095
2020-11-06,254439544,7,6034013,0.20576181450132855,0.001975327875118145
2020-11-06,254439544,8,6272715,-0.19850064956828556,0.0033897096864422775
2020-11-06,254439544,9,8295559,-0.3078468167145834,0.0070577076921047865
2020-11-06,254439544,10,11956112,-0.042320196599954035,0.002548526278374972
2020-11-06,254439544,11,16568350,0.053909948769840205,0.0011251777007945136
2020-11-06,254439544,12,14260489,0.21201297914739214,0.012421557177434544
2020-11-06,254439544,13,13005850,0.13147174179131482,0.010440562212672002
2020-11-06,254439544,14,8817613,0.17630682118702365,0.00028380101347571314
2020-11-06,254439544,15,5041249,0.22730834737949282,0.004843153868130464
2020-11-06,254439544,16,6394015,-0.029372426235311784,0.0017187322284039303
2020-11-06,254439544,17,3379723,-0.10277416101431656,0.006527024382821536
2020-11-06,254439544,18,5355617,-0.15883655834367627,0.008234548344608955
2020-11-06,254439544,19,6973900,-0.15397525406619852,0.0022786541618213373
2020-11-06,254439544,20,12034295,0.17812647735181264,0.0011223516744908422
2020-11-06,254439544,21,15742774,0.2769938050413882,0.000571947893169061
2020-11-06,254439544,22,11145524,-0.056046051368546644,0.00028677533315311774
2020-11-06,254439544,23,9195039,0.2887615158419076,0.002520326865737961
2020-11-06,254439544,24,10786664,0.06356722140352276,0.0014025987688778406
2020-11-09,492994043,0,3214600,0.023713015386324084,0.00783269975095592
2020-11-09,492994043,1,29699609,0.4512581170950738,0.007263773959311176
2020-11-09,492994043,2,20440772,-0.12870555687463275,0.005010236673292255
2020-11-09,492994043,3,16871604,-0.17537512820396087,0.0002945664617423322
2020-11-09,492994043,4,31164273,-0.09779713406556198,0.003549484194554008
2020-11-09,492994043,5,23470549,-0.11558606952381575,0.008240875922750588
2020-11-09,492994043,6,11458734,0.21186078918984266,0.0030115610232581895
2020-11-09,492994043,7,11130026,0.6168692999140867,0.0027371179603588713
2020-11-09,492994043,8,9011720,-0.07197320468094923,0.003827904168666225
2020-11-09,492994043,9,15874611,-0.3694707532194159,0.001075660839014535
2020-11-09,492994043,10,30043332,-0.36645770556050905,0.006962093307154679
2020-11-09,492994043,11,44206011,0.03950692797399495,0.0035922548483891923
2020-11-09,492994043,12,47953868,0.2834149597375001,0.0005961269624801645
2020-11-09,492994043,13,47100509,0.17840726092507614,0.002272544529133655
2020-11-09,492994043,14,21107755,0.17461886504378488,0.014050745999091417
2020-11-09,492994043,15,14326378,0.06484468866970947,0.005456202255685088
2020-11-09,492994043,16,17008432,-0.18860021304191166,0.004705445063200612
2020-11-09,492994043,17,13183606,-0.39657820821344697,0.007323970356681581
2020-11-09,492994043,18,8373510,0.23293060574099744,0.004448234390591586
2020-11-09,492994043,19,10054353,-0.07146220373776492,0.002368836628978527
2020-11-09,492994043,20,13844149,0.10143470433689922,0.0028840505963117027
2020-11-09,492994043,21,8228677,0.25630035216504954,0.0028969497802898126
2020-11-09,492994043,22,8327740,0.09879095244559227,0.006327696380278491
2020-11-09,492994043,23,18263286,0.04186289284217094,0.007389575138764671
2020-11-09,492994043,24,18635939,0.08154535388300917,0.0005370302267636625
2020-11-10,332514113,0,6514000,-0.2486737543506971,0.00026974646640489286
2020-11-10,332514113,1,50559228,-0.14618920622699735,0.010263841474792097
2020-11-10,332514113,2,28826276,0.14485308048981796,0.016331200456766132
2020-11-10,332514113,3,17654466,-0.037520477099131866,0.014743385161165063
2020-11-10,332514113,4,25299798,0.1595554713692968,0.015247603288564626
2020-11-10,332514113,5,28082391,0.12843214468460373,0.009192246736537854
2020-11-10,332514113,6,14932304,-0.36194825477078235,0.004196877999317854
2020-11-10,332514113,7,9272086,-0.3958653325072809,0.005245231864479086
2020-11-10,332514113,8,7319193,0.2316028789414083,0.0026214392720106225
2020-11-10,332514113,9,6717332,0.34257522213854935,0.0060319133859695565
2020-11-10,332514113,10,6908396,0.07817119280460579,1.1815350389229471e-05
2020-11-10,332514113,11,3909204,0.4803827379515915,0.006055446440033249
2020-11-10,332514113,12,6247608,-0.1971000881954759,1.4050820900077707e-05
2020-11-10,332514113,13,5813064,0.23538791126149433,0.007604632872812669
2020-11-10,332514113,14,6239902,0.2559104115085524,0.004459601233621655
2020-11-10,332514113,15,5725242,0.37636726803454335,0.0013145695944306408
2020-11-10,332514113,16,6555678,-0.09240982998587081,0.0031556520807873335
2020-11-10,332514113,17,6696901,-0.09236134138089576,0.0005230825126222932
2020-11-10,332514113,18,18328254,0.2158542011041815,0.0034472453393830046
2020-11-10,332514113,19,16379602,-0.18093806380993482,0.008738509829027108
2020-11-10,332514113,20,7997935,-0.11614850780084221,0.007680949016984136
2020-11-10,332514113,21,16025587,-0.259622810129613,0.002112706122891257
2020-11-10,332514113,22,9679372,-0.322179686572427,0.004781345532765541
2020-11-10,332514113,23,9278710,-0.03232025321870574,0.0005419856837887872
2020-11-10,332514113,24,11551584,0.06546735577078752,0.004759094915932062
2020-11-11,316146369,0,1199380,0.3984060180942284,0.0021337816858512867
2020-11-11,316146369,1,18810705,-0.02582748249617051,0.0031823708714515822
2020-11-11,316146369,2,22841340,-0.21501605373279026,0.00428874253725965
2020-11-11,316146369,3,21321236,0.2330198943502616,0.002931882879929396
2020-11-11,316146369,4,20103032,-0.27311338543104946,0.0021765407300758407
2020-11-11,316146369,5,34302430,0.06603211047285186,0.0016713689555736485
2020-11-11,316146369,6,20616436,0.16065597726338615,0.002151013345061939
2020-11-11,316146369,7,29522407,-0.28557405549013437,0.004670586501169516
2020-11-11,316146369,8,13667148,0.06312992536712242,0.0019282768745975036
2020-11-11,316146369,9,14294635,0.3179144389569192,0.00471582750956437
2020-11-11,316146369,10,8620948,-0.4524737127970729,0.011635015697933033
2020-11-11,316146369,11,6359152,-0.06485289276827454,0.0044384866298727
2020-11-11,316146369,12,5925938,-0.016047309662303947,0.0024702054058928402
2020-11-11,316146369,13,5438251,0.13964023429044833,0.011292317419512185
2020-11-11,316146369,14,6665620,0.19379124289821348,0.011864625838509904
2020-11-11,316146369,15,4373420,0.3950032993391412,0.004145644752502541
2020-11-11,316146369,16,4453493,0.0021214907806550954,0.0013791827683954868
2020-11-11,316146369,17,10062758,0.24639349674165148,0.0036082681831919156
2020-11-11,316146369,18,14025565,-0.13214935215948248,0.004152778281954027
2020-11-11,316146369,19,5988160,0.004755630903204135,0.0011130063796578995
2020-11-11,316146369,20,6323943,0.3770729321462283,0.00027833371002452433
2020-11-11,316146369,21,10285706,-0.07980781376991508,0.003054461687715453
2020-11-11,316146369,22,7272895,-0.032228942908729144,0.004163649022897246
2020-11-11,316146369,23,9160139,-0.022773035272858247,0.000557862822856792
2020-11-11,316146369,24,14511632,0.13903683432897124,0.00027483316726551756
2020-11-12,150753877,0,1667021,0.4082201551099535,0.004173915232708677
2020-11-12,150753877,1,18741140,-0.16344726736974582,0.0036150593062055
2020-11-12,150753877,2,10200279,-0.03126852690373112,9.833171178396745e-07
2020-11-12,150753877,3,8459026,0.16553345084039423,0.0008373036340038299
2020-11-12,150753877,4,9948814,0.052323679228513165,0.0002836159080398308
2020-11-12,150753877,5,5211482,-0.12428042330372159,0.005303842152229816
2020-11-12,150753877,6,7220183,-0.27257013946813324,0.0005701590109144001
2020-11-12,150753877,7,3954690,-0.022811241353883443,0.0036107992800859068
2020-11-12,150753877,8,3677822,0.043158085986011493,0.00027898642384688706
2020-11-12,150753877,9,6916878,-0.22312725496560146,0.008028920982779651
2020-11-12,150753877,10,17230512,0.6026522775446728,0.008571606201090856
2020-11-12,150753877,11,6366900,0.2986030087904276,0.0011113283599043305
2020-11-12,150753877,12,3594200,-0.16182527104140082,0.0016561927290825126
2020-11-12,150753877,13,2527640,0.13758416530207024,0.0016639984905076329
2020-11-12,150753877,14,2610480,-0.5917135772400728,0.0005548111553258404
2020-11-12,150753877,15,3097720,0.20745576170082108,0.0027784192178840253
2020-11-12,150753877,16,3001207,0.22187138522358177,0.0044467804665278285
2020-11-12,150753877,17,4030107,-0.14414328372128207,0.004172381583541072
2020-11-12,150753877,18,3031727,0.0852888708236288,0.005008040669794539
2020-11-12,150753877,19,3355408,-0.07019445219488793,0.002781807327739859
2020-11-12,150753877,20,2627753,0.21879474716220212,0.0005562293584390235
2020-11-12,150753877,21,4020046,0.6143777641578886,0.0005582006394914538
2020-11-12,150753877,22,4135165,0.38524609409864397,0.0025062097870510577
2020-11-12,150753877,23,5942860,0.2293656616452367,0.0002760347423412878
2020-11-12,150753877,24,9184817,-0.08558021126647991,0.0016678145314618683
2020-11-13,183171436,0,1329500,-0.1811317125185695,0.008669511900118214
2020-11-13,183171436,1,24187670,0.09529440367873607,0.003864241037179685
2020-11-13,183171436,2,19905626,-0.03637765684239204,0.0003223311070462496
2020-11-13,183171436,3,14563664,0.3116947700289492,0.007401658676817595
2020-11-13,183171436,4,19603910,0.11182438533140672,0.007714916177864808
2020-11-13,183171436,5,11783292,-0.0067791177112265935,0.009441023213758937
2020-11-13,183171436,6,5951551,0.37241494133137315,0.002866142399627098
2020-11-13,183171436,7,6687157,0.2791825303062325,0.0005710531480909857
2020-11-13,183171436,8,6496723,0.20221210199928777,0.0022762870972084007
2020-11-13,183171436,9,6367741,0.2689673709678845,0.0005756104371340638
2020-11-13,183171436,10,5362689,0.45878949815076525,0.0011364802451721214
2020-11-13,183171436,11,3409800,-0.05035330398669817,0.0011285447388498817
2020-11-13,183171436,12,3665304,-0.08494333294391189,0.004521983077697107
2020-11-13,183171436,13,4554509,0.34374706563500534,0.00027496360833001443
2020-11-13,183171436,14,3466152,0.30513594846645253,0.0022690971134487242
2020-11-13,183171436,15,2948334,0.455943620937801,0.0017025051110291683
2020-11-13,183171436,16,5432960,0.15016498870580164,0.006251659723599279
2020-11-13,183171436,17,4379559,0.16795732672063873,0.00511940204765862
2020-11-13,183171436,18,3789834,0.36189960764975093,0.00028426237426489866
2020-11-13,183171436,19,5345695,0.15906062610483432,0.0014240682623677203
2020-11-13,183171436,20,3287698,-0.24837287504718128,4.5913624702000984e-07
2020-11-13,183171436,21,4271306,-0.2151875469695114,0.005400583002084729
2020-11-13,183171436,22,4035626,-0.2590227139294648,0.00568062375745839
2020-11-13,183171436,23,5537925,-0.18156555102437108,0.0028319405102491756
2020-11-13,183171436,24,6807211,-0.12805213464564857,0.003396945237801484
2020-11-16,133040278,0,2265700,0.19305445308983518,0.009863273256984209
2020-11-16,133040278,1,16236288,-0.09124593432477744,0.014069120396606957
2020-11-16,133040278,2,11027024,0.12935648727214485,0.003925887151997952
2020-11-16,133040278,3,5466471,0.14743841396090826,0.002260482331198694
2020-11-16,133040278,4,8671834,0.05023915107934264,0.006240504028301894
2020-11-16,133040278,5,7718596,0.30832070052406474,0.0031063391951891787
2020-11-16,133040278,6,4912054,0.29604846697996434,0.006276069632285787
2020-11-16,133040278,7,4276173,0.3866026091125871,0.0005854747558311494
2020-11-16,133040278,8,7726884,0.12287888429581778,0.0022728516527618773
2020-11-16,133040278,9,3383609,0.2680228093512164,0.00028357839058004464
2020-11-16,133040278,10,2287220,0.19923997376646768,0.00028289911530447065
2020-11-16,133040278,11,3170133,0.23875871652414613,0.0016922057267800235
2020-11-16,133040278,12,7830188,-0.26492196866645457,5.499653500551539e-06
2020-11-16,133040278,13,5051568,0.4915989314488576,0.0028125660087260835
2020-11-16,133040278,14,3144788,-0.0017566885720004615,0.0016865995587289737
2020-11-16,133040278,15,4802052,0.38482770521096965,0.0014053878703192103
2020-11-16,133040278,16,3640369,-0.6030866430968213,0.0008450900474521499
2020-11-16,133040278,17,2800912,0.3961605625883826,0.0022518210194709272
2020-11-16,133040278,18,2171819,0.007942454907123756,0.0028170480126468774
2020-11-16,133040278,19,3637673,0.0650897766259621,0.0011254014992394452
2020-11-16,133040278,20,3819979,0.4355698519694003,1.0157951253415303e-06
2020-11-16,133040278,21,2737413,-0.025685883844993027,0.001130805586481267
2020-11-16,133040278,22,3169580,0.3634349192761294,0.0011314841378961727
2020-11-16,133040278,23,4670793,-0.06345131015526002,0.0002823328855799487
2020-11-16,133040278,24,8421158,-0.03117985259712338,0.004803087062093578
2020-11-17,161001801,0,508400,-0.1638871774602266,0.005928365792800092
2020-11-17,161001801,1,11714096,0.1405180425845261,0.0042611844401091534
2020-11-17,161001801,2,7306050,0.2704109918724818,0.009643817634667096
2020-11-17,161001801,3,13225402,0.24068796519171695,0.010234369786028806
2020-11-17,161001801,4,6318591,0.005391495622735386,0.007685717951789144
2020-11-17,161001801,5,5626404,0.2533106651070022,0.0022846750726161764
2020-11-17,161001801,6,13886199,0.13134850236085852,0.0025830563515406033
2020-11-17,161001801,7,10653308,-0.3422051968165308,0.002575158935252873
2020-11-17,161001801,8,7114360,-0.08217115311856651,0.0014379691503347495
2020-11-17,161001801,9,6268568,-0.6466597496173156,0.00230433669240177
2020-11-17,161001801,10,4589720,-0.5273731083973915,0.003457619462072419
2020-11-17,161001801,11,4514844,0.05020137825465875,0.0028644973364979676
2020-11-17,161001801,12,2741489,0.05840980488437425,0.004878070433316975
2020-11-17,161001801,13,3424100,-0.1816037506579715,0.002584816517835432
2020-11-17,161001801,14,3566700,0.24375186730731085,0.0025817871199916003
2020-11-17,161001801,15,3650436,-0.12735487716398664,0.0008634368567675876
2020-11-17,161001801,16,4482427,-0.18654201075009508,0.00258423540211204
2020-11-17,161001801,17,4962477,0.20250344838481946,0.00027379291349986193
2020-11-17,161001801,18,11039586,0.1944702660551265,0.001971923982838621
2020-11-17,161001801,19,4074899,0.49296103737912156,0.009380063556657893
2020-11-17,161001801,20,3166000,-0.35640357893419744,0.007957700763959207
2020-11-17,161001801,21,4653445,0.04080135628381532,0.006251764579740875
2020-11-17,161001801,22,4098879,-0.14622401895442666,0.004829067464620659
2020-11-17,161001801,23,5410130,-0.31143582368858996,0.0017056973536017485
2020-11-17,161001801,24,14005291,-0.09317723378534817,0.004797335058169974
2020-11-18,192039192,0,2030900,0.1191063707990618,0.004240205065217222
2020-11-18,192039192,1,31974541,-0.27158739538799415,0.0075281164040447626
2020-11-18,192039192,2,30956824,-0.010717176041840254,0.008374941600469823
2020-11-18,192039192,3,11776775,-0.08708039665232083,0.0033342136927588363
2020-11-18,192039192,4,8489338,0.45248901308132206,0.0008253599875542113
2020-11-18,192039192,5,6495237,-0.19467657535357935,0.0027900387332478647
2020-11-18,192039192,6,6327033,-0.1234581561789485,0.0013965060081496785
2020-11-18,192039192,7,6435001,0.02743494535478056,0.00195504237350739
2020-11-18,192039192,8,8586185,0.13430432167219966,0.0005552343669093839
2020-11-18,192039192,9,4341009,-0.18977261336190354,0.0022293032351184063
2020-11-18,192039192,10,3461537,-0.06729419954244967,0.0008374170393481633
2020-11-18,192039192,11,3471551,-0.5375337419515345,0.004458501105317119
2020-11-18,192039192,12,5284483,0.08139146699990157,0.0011211042085313065
2020-11-18,192039192,13,6255395,0.13825912816968228,0.002497577128003059
2020-11-18,192039192,14,9422022,0.201955254952227,0.0019402628111276317
2020-11-18,192039192,15,4026303,-0.13066489253513525,0.002771338457652084
2020-11-18,192039192,16,4227385,-0.145732569560482,0.0002751754298151218
2020-11-18,192039192,17,3109953,-0.1899749624660385,0.00111049379901092
2020-11-18,192039192,18,3891021,0.07522802571407484,0.0002777869928425896
2020-11-18,192039192,19,4000920,0.384657739551922,0.002781807327739859
2020-11-18,192039192,20,6352132,0.12455808741531028,0.0016891533357517232
2020-11-18,192039192,21,5752486,0.38953399782604736,0.005593662900865692
2020-11-18,192039192,22,3524654,0.10471547489813206,0.0005555473730868341
2020-11-18,192039192,23,4224214,0.13091030206879678,0.0033526532556040576
2020-11-18,192039192,24,7622293,-0.06302026644392056,0.002234917617334875
2020-11-19,226341795,0,1031984,0.3123814467940357,0.009549045023927916
2020-11-19,226341795,1,23564472,-0.05109026257276982,0.003887930867366628
2020-11-19,226341795,2,8964195,-0.45766001348407054,0.009362840224041328
2020-11-19,226341795,3,7153766,-0.11670002642333262,0.006239123039116025
2020-11-19,226341795,4,5402089,0.1292638107176758,0.0025491543512366284
2020-11-19,226341795,5,7034567,0.21851229389437946,0.0031034243729467902
2020-11-19,226341795,6,3383380,-0.2167780931295055,0.004516914445549364
2020-11-19,226341795,7,4992635,0.010852705465672973,0.006457191749019459
2020-11-19,226341795,8,14935933,0.08136364853594981,0.00032596132331278387
2020-11-19,226341795,9,8634757,-0.3651322003716543,0.009181877001876585
2020-11-19,226341795,10,3793819,0.013360925358532786,0.003335305668479806
2020-11-19,226341795,11,2561950,0.49063440224767835,0.0005575452713153711
2020-11-19,226341795,12,2541025,0.2428938713310889,0.0008352201606203053
2020-11-19,226341795,13,6258747,-0.015586455875044581,0.0005537126493796286
2020-11-19,226341795,14,3849673,-0.026494292532311677,0.00028094920359978586
2020-11-19,226341795,15,10638049,0.028855038204240943,0.0005560060609091675
2020-11-19,226341795,16,13068417,-0.4001460764023726,0.0016556602849306416
2020-11-19,226341795,17,31013069,0.07696384113009395,0.006284018635595399
2020-11-19,226341795,18,16394147,-0.16425038472378103,0.012046605377140395
2020-11-19,226341795,19,8587095,-0.14476664324966645,1.5249905719713246e-05
2020-11-19,226341795,20,5928774,-0.2998347641441723,0.005487411738658111
2020-11-19,226341795,21,5383479,-0.014985891384728505,0.0024701110818158996
2020-11-19,226341795,22,9241103,-0.1621166124607555,0.0035566387205649315
2020-11-19,226341795,23,11141360,-0.04005117108392074,0.004101714038402204
2020-11-19,226341795,24,10843310,-0.4426945544353017,0.0005482464630944427
2020-11-20,145305147,0,659900,-0.3930699735024854,0.002200341422552541
2020-11-20,145305147,1,15146802,-0.15881768271742122,0.009322225603110263
2020-11-20,145305147,2,14274868,-0.007088975879930369,0.010683938660478287
2020-11-20,145305147,3,10833898,0.20221734250246554,0.00300315404066438
2020-11-20,145305147,4,11123096,-0.2627209051694117,0.0030277603989748393
2020-11-20,145305147,5,4551714,-0.39768793081808085,0.0019273112663653505
2020-11-20,145305147,6,4634722,0.022560487304882266,0.0013812253998958903
2020-11-20,145305147,7,4488367,-0.0036436366569156495,0.004414248023634987
2020-11-20,145305147,8,4887533,0.2581752207905125,0.0013812253998958903
2020-11-20,145305147,9,4194540,0.02006856197153725,0.0008258986119216031
2020-11-20,145305147,10,3668388,0.28801587623438496,0.0016527629990920605
2020-11-20,145305147,11,4508950,-0.1064474241825291,0.0016527629990920605
2020-11-20,145305147,12,5478913,0.5648690834356865,0.002209710489476179
2020-11-20,145305147,13,4282044,0.5098813326632277,0.0008251265710981299
2020-11-20,145305147,14,3866120,-0.08347863955298683,0.002215659564902501
2020-11-20,145305147,15,2343164,0.4258586849129781,0.0005542673512739843
2020-11-20,145305147,16,5117614,-0.15011699886437907,0.0002768082952504678
2020-11-20,145305147,17,2830842,0.032155357829801307,0.003037760810727621
2020-11-20,145305147,18,7374084,0.172245690609359,0.0016314405715435736
2020-11-20,145305147,19,5377426,-0.07027620959122864,0.006862632473964928
2020-11-20,145305147,20,3489837,-0.13650571715882778,0.004113055101094408
2020-11-20,145305147,21,4608680,-0.04539205186619019,0.0038392480188013506
2020-11-20,145305147,22,4137241,0.2931256898580075,0.001644966099097009
2020-11-20,145305147,23,6065671,-0.1920190284723426,0.00027497816959482565
2020-11-20,145305147,24,7360733,-0.254998300909748,0.0010992721597969841
2020-11-23,350681903,0,1252199,0.40191933658668616,0.005788509270899908
2020-11-23,350681903,1,17042610,-0.09551904315987653,0.010202981746260128
2020-11-23,350681903,2,12008804,0.24691821069494663,0.006890456299789805
2020-11-23,350681903,3,6440575,0.06187314941466786,5.262224764257379e-06
2020-11-23,350681903,4,7238952,-0.0898685661331858,0.0030360331242119867
2020-11-23,350681903,5,12089285,-0.3261125092311166,0.0054861343605396235
2020-11-23,350681903,6,20287739,-0.31168972442696186,0.0035902928048027185
2020-11-23,350681903,7,33050468,0.11174028215475806,0.0013411566396836193
2020-11-23,350681903,8,9154324,0.06521866702122082,0.004341421350337162
2020-11-23,350681903,9,7908016,0.07368708662357833,0.0016249109743849582
2020-11-23,350681903,10,6267510,-0.066129223429099,0.00026796029661181777
2020-11-23,350681903,11,4187839,0.10803660739990506,0.001628549214312569
2020-11-23,350681903,12,5554538,-0.20787044882216513,0.0035198678190707182
2020-11-23,350681903,13,23222656,-0.16479536571240824,0.004265287511135367
2020-11-23,350681903,14,37258588,0.1897520960056102,0.003266399805660521
2020-11-23,350681903,15,22151518,-0.06583360193169424,0.0021430024806187928
2020-11-23,350681903,16,18546594,-0.30272086420531685,0.002383160738167897
2020-11-23,350681903,17,31439850,-0.2387537045564905,0.0013188847021865654
2020-11-23,350681903,18,11500774,0.32102811783830854,0.006342974618273601
2020-11-23,350681903,19,9699507,0.37943388033313086,0.004759899073788732
2020-11-23,350681903,20,11983236,0.015222528644420103,0.005594017649705263
2020-11-23,350681903,21,10370189,0.17958287307606513,0.007463611739166282
2020-11-23,350681903,22,8637834,0.09244441441305806,0.006150238452257665
2020-11-23,350681903,23,9601527,-0.03713818680754208,0.005085241583521936
2020-11-23,350681903,24,13786771,0.09757803072321061,0.0016091944414505812
2020-11-24,185054427,0,1616800,-0.40679362790657947,0.0018840249583450752
2020-11-24,185054427,1,22667697,-0.18287629097014868,0.0013404677550791927
2020-11-24,185054427,2,15287460,-0.1557309600024171,0.006457523999019428
2020-11-24,185054427,3,13259301,-0.2253506762257387,0.0037709122736593425
2020-11-24,185054427,4,12143322,0.14437566988826514,0.0032130077149866605
2020-11-24,185054427,5,9431530,0.11149707996019556,0.0016199969594211593
2020-11-24,185054427,6,10620031,-0.2603982219986384,0.0032250193418789353
2020-11-24,185054427,7,6004265,-0.15681497939399375,0.0029601963507668036
2020-11-24,185054427,8,7951931,-0.03910372131242623,0.001617261235014783
2020-11-24,185054427,9,3441878,0.13664488908663558,0.003221853192199072
2020-11-24,185054427,10,3246079,0.45182675702244945,0.0016103130670325862
2020-11-24,185054427,11,2041540,0.18805004445040704,0.0024198096759061325
2020-11-24,185054427,12,2249535,-0.3379413643443746,0.001881676635331695
2020-11-24,185054427,13,3419177,0.12094251908187359,0.0005371111395256398
2020-11-24,185054427,14,3860385,0.1908277854545508,0.00026932131570597785
2020-11-24,185054427,15,5173224,0.3925143519070909,0.0008091968413602386
2020-11-24,185054427,16,9708948,-0.2961908946065585,0.0008064282380113185
2020-11-24,185054427,17,6272249,0.29684929238810126,0.0005392614556892028
2020-11-24,185054427,18,5430429,-0.1286953505641375,0.0010813063293975233
2020-11-24,185054427,19,14182264,-0.12087648809337881,0.0008161328716830199
2020-11-24,185054427,20,4703104,0.2444831676187308,0.0029809245671785956
2020-11-24,185054427,21,5161289,-0.17064084246022007,0.0010846236968265147
2020-11-24,185054427,22,4832068,-0.3031262587998382,0.0013547666992731694
2020-11-24,185054427,23,5011406,0.10885557335858989,0.00135445529440193
2020-11-24,185054427,24,7338515,-0.10502632556764212,0.0005415330574971157
2020-11-25,193678618,0,1076127,0.3883221013369047,0.004854195384223568
2020-11-25,193678618,1,29598723,0.44148527813189253,0.002892207656785887
2020-11-25,193678618,2,15239181,0.11811868586719454,0.013887523733548117
2020-11-25,193678618,3,12118234,0.12675684674857501,0.003992247399165862
2020-11-25,193678618,4,9279317,0.14667180411414818,0.0002643210937835562
2020-11-25,193678618,5,6003820,-0.2718238322620625,0.0016137856708406866
2020-11-25,193678618,6,5211333,-0.07235758185518573,0.0008082760809827876
2020-11-25,193678618,7,4388273,0.05716840705179323,0.003498944400589619
2020-11-25,193678618,8,4402303,0.10793592592747485,0.004842383273803028
2020-11-25,193678618,9,5112278,0.07251231644652059,0.002421037669768349
2020-11-25,193678618,10,3770507,-0.2451089198427407,0.0002693227155721524
2020-11-25,193678618,11,4172168,0.49573740575801145,0.00026922017503463135
2020-11-25,193678618,12,4296247,0.17026352628343402,0.001616347237440684
2020-11-25,193678618,13,5933264,0.10420780004483553,0.0013548509336976308
2020-11-25,193678618,14,4543889,0.2804446239512791,0.0024312114673551255
2020-11-25,193678618,15,5450755,0.17774854312847163,1.0372209741203459e-07
2020-11-25,193678618,16,6168866,0.08961162575089184,0.001628132412986015
2020-11-25,193678618,17,10368989,-0.12522324315370376,0.000277549362307022
2020-11-25,193678618,18,5197808,0.022972087832343436,0.0048961968448639264
2020-11-25,193678618,19,4795342,-0.02079503031651821,0.0010928646966328775
2020-11-25,193678618,20,2570296,-0.3055635228854384,0.0029821701885837763
2020-11-25,193678618,21,6502136,-0.14251676906984684,0.00027451487611759916
2020-11-25,193678618,22,8944725,0.5560621237847337,0.001094980052499767
2020-11-25,193678618,23,9931408,0.09050788750224338,0.00217864566227726
2020-11-25,193678618,24,18602629,-0.021845195887175265,0.004113911389978595
2020-11-26,158162260,0,1154100,0.0007541518185303474,0.0063084190243560025
2020-11-26,158162260,1,16343510,0.12661834014306803,0.0002776402678486582
2020-11-26,158162260,2,10191971,0.06302940423858225,0.003290252043097583
2020-11-26,158162260,3,7519166,-0.052411156346656336,0.002194175277142949
2020-11-26,158162260,4,8399436,-0.17282951884874126,0.004103832883467979
2020-11-26,158162260,5,7465311,0.08684643917542266,0.0071116955607621055
2020-11-26,158162260,6,8115015,0.2650836770944321,0.00026426485410480696
2020-11-26,158162260,7,4382315,0.19250321105827345,0.004390160668763966
2020-11-26,158162260,8,4762820,0.31021063261799225,0.0005520782913032288
2020-11-26,158162260,9,4243526,0.2170832044765778,0.003835211943555661
2020-11-26,158162260,10,12139766,-0.1324845519888991,0.01119600035090553
2020-11-26,158162260,11,17605994,-0.20739890615777817,0.006023710014987126
2020-11-26,158162260,12,7141818,-0.10327128237356607,0.0062260863139400975
2020-11-26,158162260,13,5256136,-0.17676923601761974,0.002161457212554636
2020-11-26,158162260,14,6524805,0.22206064160282182,0.0021858874274004667
2020-11-26,158162260,15,3447651,0.3131318895359261,0.0065446670250630355
2020-11-26,158162260,16,2090576,-0.034650527033702916,0.003000264710653543
2020-11-26,158162260,17,2937597,0.22649319135900622,0.0027269867241849917
2020-11-26,158162260,18,3269166,-0.05278161717850767,0.006270022911345504
2020-11-26,158162260,19,2095567,0.12758964295524422,0.005448618656431159
2020-11-26,158162260,20,3008052,-0.075011944182134,5.149235087771584e-06
2020-11-26,158162260,21,3885671,-0.2688088581428599,0.0013638586831425726
2020-11-26,158162260,22,3737237,0.18022116299332863,0.0008221628007978469
2020-11-26,158162260,23,4166850,0.045066301323291445,0.004104461984543621
2020-11-26,158162260,24,8278204,-0.3878944269345945,0.002735426162529929
2020-11-27,227596571,0,1621420,0.3968415384520723,0.002724884995109101
2020-11-27,227596571,1,13964282,0.13027077472451415,0.0018834561309911335
2020-11-27,227596571,2,9506284,0.006053457209061204,0.008672963054947875
2020-11-27,227596571,3,5171110,-0.03399664891679025,0.005422093609312645
2020-11-27,227596571,4,13446852,0.0812943108521889,0.005391069533982817
2020-11-27,227596571,5,14708797,0.2643875885240369,0.008093106710253876
2020-11-27,227596571,6,5666359,0.23693844056676946,0.0008060226051992714
2020-11-27,227596571,7,6042892,-0.5649357575920766,0.0005385428906067837
2020-11-27,227596571,8,5354700,0.2762217139175492,0.0002694253342506629
2020-11-27,227596571,9,7970117,0.26839007398795856,0.001615526599682547
2020-11-27,227596571,10,4844375,-0.428594943329218,0.0005396688102002663
2020-11-27,227596571,11,10481404,0.2818298508498131,0.005388424962297419
2020-11-27,227596571,12,7182351,0.2707000677691766,0.0021441578645755195
2020-11-27,227596571,13,5759310,-0.5366985513078307,0.001623351794304062
2020-11-27,227596571,14,2477894,-0.11207717204769513,0.002442511459579158
2020-11-27,227596571,15,2023379,0.5557142089686479,0.0010861843081079205
2020-11-27,227596571,16,2328220,0.05717147802164444,0.002983420115133492
2020-11-27,227596571,17,2791519,-0.17642662246181984,0.00461228137285098
2020-11-27,227596571,18,2271138,0.14890275938199943,0.0010878465726763913
2020-11-27,227596571,19,2770404,0.24205252833126792,0.0018948477258062574
2020-11-27,227596571,20,2583521,0.12397373980699482,0.0008119887374801437
2020-11-27,227596571,21,5267979,-0.13793892895702267,0.002163234669769002
2020-11-27,227596571,22,13542055,-0.2572774874223111,0.0021434815361838716
2020-11-27,227596571,23,37442379,-0.28255068543252726,0.0023704512682700186
2020-11-27,227596571,24,42377830,-0.5019902478072789,0.004553722091101254
2020-11-30,698250501,0,6103400,-0.37133680245951783,0.006307137715586409
2020-11-30,698250501,1,82300797,-0.11063554127108427,0.007367002592836969
2020-11-30,698250501,2,53236182,0.1260094816993019,0.02068040678138634
2020-11-30,698250501,3,65169264,-0.053222243550330825,0.01917860755454025
2020-11-30,698250501,4,66960074,0.20313679666129442,0.00955828541210782
2020-11-30,698250501,5,47694875,-0.09178575444319899,0.028757744657897946
2020-11-30,698250501,6,27904463,0.26327267051870773,0.00102597858090145
2020-11-30,698250501,7,18370929,-0.32748673860445615,0.005929651361992648
2020-11-30,698250501,8,44510370,-0.047555715015051875,0.015217741242537204
2020-11-30,698250501,9,20978743,0.15006026047508403,0.024998073942254978
2020-11-30,698250501,10,11954057,0.11701635526094993,0.013708713810191292
2020-11-30,698250501,11,19496661,0.11341485733740227,0.0007525636609852146
2020-11-30,698250501,12,25546673,-0.2983951570643441,0.0070865458757691305
2020-11-30,698250501,13,13046355,-0.16134407405469053,0.003976218796869484
2020-11-30,698250501,14,22419104,0.19892705375145767,0.0039102377965970605
2020-11-30,698250501,15,12814947,0.08368639013871505,0.001229690399342306
2020-11-30,698250501,16,21304657,-0.16882837134540007,0.0012677925032016336
2020-11-30,698250501,17,10243168,0.13403017641796108,0.006526738794359152
2020-11-30,698250501,18,7513485,-0.16711271603119063,0.001760085852140437
2020-11-30,698250501,19,6978198,-0.3553429797381369,0.0012491695625629743
2020-11-30,698250501,20,12803465,-0.34057272447825365,0.011050492511814239
2020-11-30,698250501,21,29229541,0.1638461814534797,0.0006511377964671739
2020-11-30,698250501,22,19519001,0.06066344781560305,0.005576582480276663
2020-11-30,698250501,23,28372489,-0.1230595371339991,0.009982397452689333
2020-11-30,698250501,24,23779603,0.34305462419055127,0.014321272383976078
2020-12-01,583089726,0,3748498,-0.36764748718561796,0.004327569356074252
2020-12-01,583089726,1,49742285,0.11160786058668057,0.00823183598307631
2020-12-01,583089726,2,36724395,-0.0758005975311272,0.0010583275424064671
2020-12-01,583089726,3,18809215,0.0332256644993006,0.00383154861324345
2020-12-01,583089726,4,19430751,-0.22511493863790769,0.0030570282938295963
2020-12-01,583089726,5,22644616,0.08908297478940026,0.0010347514572558731
2020-12-01,583089726,6,10831656,0.16033234372027116,0.008950431927582908
2020-12-01,583089726,7,12091796,0.3681107468211404,0.004604068274130232
2020-12-01,583089726,8,17479534,-0.15952147569182332,0.0038001538847091307
2020-12-01,583089726,9,12013799,-0.2702168825144585,0.00279680941733919
2020-12-01,583089726,10,19393200,-0.006091992580234626,0.0032570490164482266
2020-12-01,583089726,11,18969565,0.10190674427176119,0.0022758808414106713
2020-12-01,583089726,12,33349358,-0.06042798249934004,0.0017258117007386427
2020-12-01,583089726,13,13907427,-0.29510884052796205,0.011195162561860887
2020-12-01,583089726,14,7279086,-0.06470751270965838,0.007970887681416369
2020-12-01,583089726,15,8906761,-0.2904410516844386,0.0017490719663274834
2020-12-01,583089726,16,9030619,-0.004795218114795146,0.00199712495071966
2020-12-01,583089726,17,8658693,-0.5269142833403011,0.0009990902253786435
2020-12-01,583089726,18,18392262,-0.16938015329748649,0.005209018961599538
2020-12-01,583089726,19,22579706,-0.260558399862937,0.009673066489934134
2020-12-01,583089726,20,18695232,-0.15620310094295448,0.012856993807403067
2020-12-01,583089726,21,73899968,0.26118477854623334,0.0013425422815448824
2020-12-01,583089726,22,41623697,-0.07158063592373734,0.006133398120352261
2020-12-01,583089726,23,45663937,0.2526937058142044,0.013543337401364592
2020-12-01,583089726,24,39223670,0.05234910040818704,0.018644962267643696
2020-12-02,452724994,0,4040000,-0.29609757527386743,0.01137087575255136
2020-12-02,452724994,1,65393465,0.0794614697507779,0.007061984547719179
2020-12-02,452724994,2,28951087,-0.1438445840554436,0.017011826900529447
2020-12-02,452724994,3,26522500,-0.12399375309696599,0.01385287912679452
2020-12-02,452724994,4,17658286,0.1381283190450229,0.005339587126638496
2020-12-02,452724994,5,18688984,-0.16605460080597306,0.0031695821337964364
2020-12-02,452724994,6,12715255,-0.041493060598754766,0.00047644453836980877
2020-12-02,452724994,7,12510859,-0.15100509417994007,0.006558167915629669
2020-12-02,452724994,8,28225950,-0.3211214598240026,0.012118507574297856
2020-12-02,452724994,9,29242011,-0.09755445104316116,0.01354659585016687
2020-12-02,452724994,10,19640167,-0.11849306713322054,0.0006954719896648909
2020-12-02,452724994,11,10207565,-0.2684351340790744,0.005351862158880933
2020-12-02,452724994,12,10742689,0.03672022241047007,0.004393324195635465
2020-12-02,452724994,13,15704588,0.20453363747819894,0.003418340544184037
2020-12-02,452724994,14,8119467,0.10888449810657831,0.0007338939747389976
2020-12-02,452724994,15,7649376,-0.20415572248016758,0.001957474105604464
2020-12-02,452724994,16,12152254,0.09010597211861464,0.0012299503709668326
2020-12-02,452724994,17,15849835,-0.18308379071765543,0.002479219053382567
2020-12-02,452724994,18,32189161,0.08014056176471418,0.0022049977618420983
2020-12-02,452724994,19,15173383,-0.002786707156683646,0.009404452244220918
2020-12-02,452724994,20,9909873,-0.10063937850442214,0.0027496828951499032
2020-12-02,452724994,21,11441889,-0.18276134107517028,0.00417181824403113
2020-12-02,452724994,22,12889416,-0.08221424863788335,0.00417616614821653
2020-12-02,452724994,23,10550416,-0.06337332137311308,0.0031879991637596243
2020-12-02,452724994,24,16556518,0.07062071214963193,0.0019730062345150725
2020-12-03,323655196,0,1946003,0.398643524318151,0.0049438681423601815
2020-12-03,323655196,1,27521254,-0.04464753272858099,0.010131409786210192
2020-12-03,323655196,2,27322605,-0.05431257974978971,0.004944463215527565
2020-12-03,323655196,3,17226203,0.1436997204214522,0.0031970554939713598
2020-12-03,323655196,4,14939199,0.15908648059310643,0.002482820187775767
2020-12-03,323655196,5,10578697,0.08352880310425077,0.0037039796150525797
2020-12-03,323655196,6,6437689,-0.3321943482705925,0.0059427942593503645
2020-12-03,323655196,7,5768486,-0.12011712261025208,0.00519669468326457
2020-12-03,323655196,8,7128215,0.17052624258452284,8.608602507735132e-08
2020-12-03,323655196,9,3498021,-0.09126841657480461,8.614613104283616e-08
2020-12-03,323655196,10,6987256,-0.006647417631128075,0.000741417863773328
2020-12-03,323655196,11,3774842,-0.13586630450787168,0.004441187143736984
2020-12-03,323655196,12,11674051,0.08658551601320603,0.0017327611930137536
2020-12-03,323655196,13,22565815,0.20215984545611504,0.0004940301909552874
2020-12-03,323655196,14,17638801,0.1374362230546672,0.004386830304249026
2020-12-03,323655196,15,9091600,-0.043858948199466306,0.008535895997900464
2020-12-03,323655196,16,6025006,-0.09932149011580613,0.0012122950228971871
2020-12-03,323655196,17,5665251,-0.05911095033346563,0.0024442846713542666
2020-12-03,323655196,18,6042153,0.04445770453751957,0.0046552129532665566
2020-12-03,323655196,19,7151664,0.10858673723468568,0.005885077782222425
2020-12-03,323655196,20,24580007,0.0006953179185341878,0.006321093757764781
2020-12-03,323655196,21,22626599,-0.13466915086245662,0.0070744208389378034
2020-12-03,323655196,22,22944852,0.21292877967912882,0.0019360360912449644
2020-12-03,323655196,23,13956759,-0.4076905931182982,0.002659826649949581
2020-12-03,323655196,24,20564168,0.13349180943006916,0.0036259014151128403
2020-12-04,294265950,0,1624400,-0.36167677726868674,0.008791138419376269
2020-12-04,294265950,1,33500943,-0.08692200790737503,0.003572374168501132
2020-12-04,294265950,2,48199528,0.127427372553414,0.0030803808014161797
2020-12-04,294265950,3,32039112,-0.010639316892401265,0.00923602530256626
2020-12-04,294265950,4,19294470,0.08805136573538351,0.0010068265198804683
2020-12-04,294265950,5,11832792,-0.1799256253372196,0.002261046094029429
2020-12-04,294265950,6,9127354,0.02779882541044849,0.0007405527124711696
2020-12-04,294265950,7,7196904,-0.026369919770501786,0.006255953709072812
2020-12-04,294265950,8,7703432,-0.19677799402327634,0.0035038974974442236
2020-12-04,294265950,9,5860740,-0.35114794084209716,0.00224958876212415
2020-12-04,294265950,10,5735869,-0.02898111470540497,0.007006827139822897
2020-12-04,294265950,11,5501868,0.08011586700792535,0.006512247584260145
2020-12-04,294265950,12,5953483,0.20496303257016865,0.004763799109700382
2020-12-04,294265950,13,4756331,-0.2555990121178586,0.00300968002469891
2020-12-04,294265950,14,6657726,0.1275862102013586,0.005247676994303543
2020-12-04,294265950,15,7266405,-0.18709836228885662,0.005749883536143003
2020-12-04,294265950,16,8961762,-0.27237876216495865,0.003229370853002256
2020-12-04,294265950,17,10635580,0.3314417185983843,0.0037252381813082224
2020-12-04,294265950,18,10513657,0.0690812005833279,0.0056852117460812574
2020-12-04,294265950,19,9454315,-0.23335551202443355,0.007902822226293113
2020-12-04,294265950,20,5916451,0.41980663493501374,0.0007551678773864646
2020-12-04,294265950,21,6984999,0.024474000936683882,0.0009805826643038164
2020-12-04,294265950,22,7672838,-0.10946181379948289,0.007702921567141591
2020-12-04,294265950,23,6704423,-0.115982308293719,0.007941654069481774
2020-12-04,294265950,24,15170568,-0.061248575849064846,0.00023873250234018214
2020-12-07,209822679,0,1314369,-0.20099310085953212,0.010419242209058004
2020-12-07,209822679,1,19182360,0.26673811358856575,0.019861559031260648
2020-12-07,209822679,2,19161275,0.13072096549261547,0.00967084977249017
2020-12-07,209822679,3,20911188,-0.12337243836434189,0.0032646571505585255
2020-12-07,209822679,4,7224237,-0.2825590597613241,0.001251198547595353
2020-12-07,209822679,5,6052643,-0.484748234478647,0.003759742453689302
2020-12-07,209822679,6,5875970,-0.3690014630961028,0.005255982406553248
2020-12-07,209822679,7,3374915,-0.023561827933450703,0.0070036369673349514
2020-12-07,209822679,8,4112630,-0.09999091570987936,0.0077485855115238585
2020-12-07,209822679,9,4006629,0.3081246611654408,0.005743956860157499
2020-12-07,209822679,10,7761754,0.08451210992575038,0.0065309321797149674
2020-12-07,209822679,11,8688923,-0.3133901536763159,0.008785727002986812
2020-12-07,209822679,12,4502590,-0.01885690535318915,0.0017644813137760776
2020-12-07,209822679,13,4861480,0.16695982491612704,0.0032734219572095385
2020-12-07,209822679,14,2856007,0.24317694173440846,0.0027686191170173216
2020-12-07,209822679,15,4156172,-0.22976584377701542,0.0010050377187509148
2020-12-07,209822679,16,3521698,0.08191543364619447,0.0017588384114207657
2020-12-07,209822679,17,7655315,-0.3265837764024541,0.001513959237269005
2020-12-07,209822679,18,6144763,0.06459244633539668,0.0030236220362336954
2020-12-07,209822679,19,4176856,0.2625085769340442,0.0007567585799592987
2020-12-07,209822679,20,4880719,0.07404587567342362,0.0017642122770770363
2020-12-07,209822679,21,5598207,0.10207729385410948,0.001511989416836849
2020-12-07,209822679,22,13022522,-0.28582262479040266,0.005559838932036033
2020-12-07,209822679,23,16982575,0.041351393836231064,0.005306077299602761
2020-12-07,209822679,24,23796882,-0.10559352890940726,0.002288876062981103
2020-12-08,200726994,0,1431478,0.40429373259514356,0.006353173849928796
2020-12-08,200726994,1,20090846,-0.20586083870719607,0.0005246006057418244
2020-12-08,200726994,2,16686756,0.08661608689769937,0.002277942817583459
2020-12-08,200726994,3,12468613,0.2859811732101715,0.004795397507266245
2020-12-08,200726994,4,5851558,0.320642921872206,0.0035341883790340556
2020-12-08,200726994,5,7178465,-0.09767810663017436,0.0032858448389740734
2020-12-08,200726994,6,7216285,-0.23588994814914516,0.0010180778451355486
2020-12-08,200726994,7,9473145,0.09242140369837964,0.0025176504267604705
2020-12-08,200726994,8,2957999,0.18125425531713207,0.0002522217100975325
2020-12-08,200726994,9,4850143,-0.09127174771246302,0.0012628226231426378
2020-12-08,200726994,10,4857526,0.02795853638084644,5.776449130206224e-06
2020-12-08,200726994,11,3538548,-0.0505677021990752,0.003289549697644916
2020-12-08,200726994,12,4925896,-0.0347990954426665,0.001006810303337518
2020-12-08,200726994,13,5849141,0.1065346402134651,0.0027767951740712516
2020-12-08,200726994,14,13000811,0.03548951249992911,0.007782537753606116
2020-12-08,200726994,15,25837566,-0.03302096471149449,0.007278181968181923
2020-12-08,200726994,16,7636112,-0.20634496278072592,0.0004995456097460522
2020-12-08,200726994,17,5433866,0.3641567230553836,0.0007508645855676481
2020-12-08,200726994,18,4781320,-0.19521195575677625,0.0022509151817398745
2020-12-08,200726994,19,4576980,-0.2401945905568096,0.0007505997775386482
2020-12-08,200726994,20,3894150,-0.13465300420978654,0.003254612766300511
2020-12-08,200726994,21,5406948,0.22150406188755575,0.00225153143665282
2020-12-08,200726994,22,4583240,0.28821727723843354,0.001007360968073232
2020-12-08,200726994,23,5935021,0.14427603414955995,0.002263995124474734
2020-12-08,200726994,24,12264581,-0.18740833246410465,0.001762775877287808
2020-12-09,343461881,0,939700,-0.08610340767910281,0.0012593178416464706
2020-12-09,343461881,1,12808519,-0.04818725745982948,0.0007566686449031159
2020-12-09,343461881,2,8133632,-0.15874305050181464,0.005284582395399274
2020-12-09,343461881,3,7913979,-0.04793196084962809,0.008551291781273205
2020-12-09,343461881,4,9303063,-0.1167699546010882,0.0030139463373135824
2020-12-09,343461881,5,6158873,-0.3162565951772342,0.004787393206949463
2020-12-09,343461881,6,6821078,0.012419141709628208,0.0037779615134859988
2020-12-09,343461881,7,8583447,0.14540990595098285,0.0005025634761566691
2020-12-09,343461881,8,3930207,-0.5762906920280082,0.0010051269523133383
2020-12-09,343461881,9,3117146,0.41485122724114654,0.003018960370995199
2020-12-09,343461881,10,3188981,-0.06932299755529259,0.003775714736485001
2020-12-09,343461881,11,3994292,-0.5248836450083005,2.2387884544113504e-06
2020-12-09,343461881,12,3005051,-0.33135360217816656,0.003017616142025456
2020-12-09,343461881,13,10538872,0.24985550325855224,0.005325774857010432
2020-12-09,343461881,14,30168760,-0.26111785675868177,0.00341990707009637
2020-12-09,343461881,15,47062059,-0.3262976556693918,0.006623140717313015
2020-12-09,343461881,16,20148753,-0.1404793829572791,0.007249643220609176
2020-12-09,343461881,17,15718092,-0.08774563672899599,0.006473593492660921
2020-12-09,343461881,18,11795971,-0.15189382395700857,0.0023281335612966793
2020-12-09,343461881,19,11901743,-0.2614688511041792,0.002854044792750022
2020-12-09,343461881,20,11792330,-0.20742417641484442,0.0049300534937804655
2020-12-09,343461881,21,8889166,-0.22008649789062446,0.0067451030394252405
2020-12-09,343461881,22,29307020,-0.26907794062632534,0.012738909046147277
2020-12-09,343461881,23,25881474,-0.0195501798852079,0.007538038755803441
2020-12-09,343461881,24,42359673,-0.018048647725534925,0.0044853187125506715
2020-12-10,210705527,0,3140500,0.3022226719618398,0.005266718106367234
2020-12-10,210705527,1,24131448,-0.446626527855089,0.0015874188374607019
2020-12-10,210705527,2,19135025,-0.08781798431710207,1.581094753468457e-06
2020-12-10,210705527,3,10068535,-0.37971907252349885,0.0010565661751925077
2020-12-10,210705527,4,14724417,0.11709989120016952,0.005521218757589489
2020-12-10,210705527,5,12367810,0.24116878254987245,0.007619460003998519
2020-12-10,210705527,6,6311100,0.17214587643383952,0.0026233855566111185
2020-12-10,210705527,7,6961369,-0.23739840601653456,0.0023648582148348162
2020-12-10,210705527,8,6078519,0.16434596883267483,0.0007967797582354228
2020-12-10,210705527,9,3359491,-0.08155987798195993,0.004746474433810251
2020-12-10,210705527,10,3195844,0.20679585413962834,0.003691875795765865
2020-12-10,210705527,11,4392623,0.025940374446563583,0.00026094044453700023
2020-12-10,210705527,12,3323944,-0.12171930881096522,0.0029058042116628957
2020-12-10,210705527,13,5693196,-0.2774147390890189,0.0015742328287149609
2020-12-10,210705527,14,6128146,-0.2464268066099631,0.0023715121750133485
2020-12-10,210705527,15,3026098,-0.17329141236074638,0.002889710164586127
2020-12-10,210705527,16,3883551,-0.18616891963746024,0.0013122234527106014
2020-12-10,210705527,17,4660651,-0.34610411195674906,0.0018429423566075648
2020-12-10,210705527,18,4957290,0.24856187889938658,0.0031606482984822327
2020-12-10,210705527,19,7997977,-0.133289510279926,0.0002709861275553996
2020-12-10,210705527,20,13962519,0.005126810423463648,0.00027370812133993496
2020-12-10,210705527,21,11603261,-0.09875227077470003,0.011367468501656599
2020-12-10,210705527,22,12899057,0.011846355970536043,0.011871883828586732
2020-12-10,210705527,23,8451965,-0.1358102288772887,0.0005153139264022384
2020-12-10,210705527,24,10251191,-0.11319147804604708,0.0023767327141682483
2020-12-11,221902101,0,1253400,-0.38431661285831603,0.0050139278070419485
2020-12-11,221902101,1,13038099,-0.12488096838616862,0.008176048149507188
2020-12-11,221902101,2,7466724,-0.26726250458255896,0.005537573724761343
2020-12-11,221902101,3,8357250,-0.12240405453416217,0.004485825743513213
2020-12-11,221902101,4,8334097,-0.036358895924163026,0.0007872423695434716
2020-12-11,221902101,5,4940763,-0.7297885913815234,0.002911242186107883
2020-12-11,221902101,6,5543421,0.22822380047692042,0.0010590384854125558
2020-12-11,221902101,7,8329177,0.20241349825934415,0.005304750712058112
2020-12-11,221902101,8,8783629,-0.17744328636637002,0.005040362306963855
2020-12-11,221902101,9,11219523,0.28959467605093014,0.0029346107365569294
2020-12-11,221902101,10,7167977,0.12187049517935224,0.005336560972455584
2020-12-11,221902101,11,8089914,-0.30285939102552706,0.0042694282005563315
2020-12-11,221902101,12,11854419,0.060431763178446125,0.0016002923271743572
2020-12-11,221902101,13,9763097,-0.12092714780931288,0.0005343712749666387
2020-12-11,221902101,14,6487003,-0.17129732552731292,0.0018718159354427436
2020-12-11,221902101,15,14682981,0.22757424803593918,0.006202834002045245
2020-12-11,221902101,16,16989590,-0.10942461588003041,0.012663615420465036
2020-12-11,221902101,17,8305533,-0.09048248808150766,0.004318631686604941
2020-12-11,221902101,18,5015353,-0.15682572711697335,0.003229211992067533
2020-12-11,221902101,19,9435052,-0.09030572096715607,0.0016121400108314872
2020-12-11,221902101,20,10543802,-0.27863103095588804,0.0008136394300909999
2020-12-11,221902101,21,9628638,-0.0705007161039155,0.005943843389695283
2020-12-11,221902101,22,10221210,-0.08931278645224108,0.0013630511368602609
2020-12-11,221902101,23,7804572,-0.07990655324845411,0.00027746310747879223
2020-12-11,221902101,24,8646877,-0.21092101395850799,0.0021428505341269505
2020-12-14,163318310,0,1049390,-0.30131408487037153,0.0008008507010534636
2020-12-14,163318310,1,11977975,0.04313432906271016,0.000268091862489924
2020-12-14,163318310,2,10355260,-0.20788434382653484,0.0021339579244657168
2020-12-14,163318310,3,7350281,0.05317787022926765,0.0016008963258796265
2020-12-14,163318310,4,4936763,0.07727867423260563,0.0010664254996829775
2020-12-14,163318310,5,4870100,-0.30735492632665995,0.0015998901684267607
2020-12-14,163318310,6,3842343,-0.0655822502091207,0.0002667822628344556
2020-12-14,163318310,7,4715287,0.27107278095307347,0.0026639065717819145
2020-12-14,163318310,8,5022220,0.055549891597267,0.00399460522905862
2020-12-14,163318310,9,3694298,-0.5095461101755246,0.0013304975018228209
2020-12-14,163318310,10,5332452,-0.1853511553089625,0.0005346731215141072
2020-12-14,163318310,11,7238080,0.036318224312098274,0.001341087418978455
2020-12-14,163318310,12,5294099,-0.21142206444900255,0.002945317866038414
2020-12-14,163318310,13,7761343,0.037978079719334444,0.004566733597536581
2020-12-14,163318310,14,7349138,-0.07611887596172986,0.003221747987712054
2020-12-14,163318310,15,4939403,-0.3689282331049818,0.0037703187158148826
2020-12-14,163318310,16,3468233,-0.2265918648106072,0.004036874001496328
2020-12-14,163318310,17,4463853,0.029224839909563205,0.000810530651724919
2020-12-14,163318310,18,7209153,-0.0477279420427888,0.0005357645796481316
2020-12-14,163318310,19,5839544,-0.0663069733622555,0.0051243344950516155
2020-12-14,163318310,20,6420173,-0.35640636425265504,0.0002473505665450581
2020-12-14,163318310,21,3782760,-0.11753851150768707,0.00428885891267692
2020-12-14,163318310,22,7326866,-0.07492771443269051,0.004001645701190984
2020-12-14,163318310,23,17213019,0.31601421660113355,0.0008139705352197427
2020-12-14,163318310,24,11866277,-0.12259016058195833,0.003450352537742435
2020-12-15,162930934,0,750401,-0.0076583377960451745,0.006129494234723376
2020-12-15,162930934,1,11202842,-0.13761217782298232,0.004783587976333335
2020-12-15,162930934,2,8511201,0.31363878879985063,0.002680568557300697
2020-12-15,162930934,3,5314693,0.0691077684722507,0.001072694581732702
2020-12-15,162930934,4,5733984,0.28279877518989777,0.0008041904732562482
2020-12-15,162930934,5,4504902,-0.15337252878177754,4.061311842009605e-07
2020-12-15,162930934,6,5563957,-0.017163333624028575,0.0034690817822107395
2020-12-15,162930934,7,13832628,-0.25787866772236795,0.000817204622237572
2020-12-15,162930934,8,7755190,0.24470693938168248,0.007707532635585688
2020-12-15,162930934,9,4830100,0.1636623416840049,0.0029177621115010354
2020-12-15,162930934,10,2854100,-0.019155504835135975,0.0024037633717923098
2020-12-15,162930934,11,3446327,0.5160145822269878,0.002673272004209368
2020-12-15,162930934,12,3870773,-0.21014977822702977,0.0016039222528667061
2020-12-15,162930934,13,2644843,0.38159306543600435,0.001338355845498678
2020-12-15,162930934,14,2645644,0.32808057502802235,0.0029451134965192255
2020-12-15,162930934,15,2805600,0.6083752875514532,0.0016063513657650578
2020-12-15,162930934,16,4306185,0.06404256733006791,0.005612946952294229
2020-12-15,162930934,17,3149903,-0.3717282798692205,0.005877408405099814
2020-12-15,162930934,18,4448470,0.12428469797337725,0.002395219420766643
2020-12-15,162930934,19,5603691,-0.3345872145164642,0.0015968791194301375
2020-12-15,162930934,20,26165247,-0.027814600133342637,0.0037075847152314725
2020-12-15,162930934,21,10154073,0.28194967836002593,0.005030620647415127
2020-12-15,162930934,22,7274271,0.2850333077697921,0.0010573561315054237
2020-12-15,162930934,23,6198838,0.12872620858863917,0.0010589395931698195
2020-12-15,162930934,24,9363071,-0.303038724582258,0.002117879186339639
2020-12-16,150532109,0,770500,-0.3653137092313339,0.002117879186339639
2020-12-16,150532109,1,13129469,0.11360307939431318,0.004259677292269325
2020-12-16,150532109,2,11509740,-0.037746382343312866,0.005585499991527357
2020-12-16,150532109,3,6779317,0.534107643046379,0.0034761478336815003
2020-12-16,150532109,4,7623962,0.5067193130437635,0.0015991537142104708
2020-12-16,150532109,5,7474301,-0.23417194879979533,0.001341402372039152
2020-12-16,150532109,6,4224856,0.1094229904060815,0.001611231887210046
2020-12-16,150532109,7,5746976,-0.15898645397352035,0.003203083362908208
2020-12-16,150532109,8,5945625,0.237317128389014,0.002682346555191474
2020-12-16,150532109,9,5486400,0.11765491705422705,0.0026611989547188613
2020-12-16,150532109,10,5125520,-0.40636957965378545,0.000800645309154754
2020-12-16,150532109,11,2734529,0.5639888920041688,0.0018652660091094475
2020-12-16,150532109,12,3439431,-0.39131315242361875,0.004277508100716663
2020-12-16,150532109,13,2701746,-0.38514859566269977,0.004546919414146551
2020-12-16,150532109,14,2494797,-0.18441424559914316,0.0002681988937814019
2020-12-16,150532109,15,3733516,0.24483497855334088,0.00026789421846743476
2020-12-16,150532109,16,4259648,0.062070906486087415,0.0008039873307162715
2020-12-16,150532109,17,5193881,-0.29009561822031427,0.0021434588075737986
2020-12-16,150532109,18,3554450,0.0005305707677783354,0.002410845592707643
2020-12-16,150532109,19,6267034,0.032042991507428,0.00027013032974934436
2020-12-16,150532109,20,5014760,0.37726315479715045,0.00134150444559946
2020-12-16,150532109,21,11702497,-0.2633072292261776,0.0029602991259954654
2020-12-16,150532109,22,7457164,0.04710573793178007,0.002420728873803561
2020-12-16,150532109,23,8022479,0.06956554421128018,0.002426267566789861
2020-12-16,150532109,24,10139511,0.055548593131764225,0.004853771892365018
2020-12-17,312650752,0,1401180,0.18223955995234212,0.0024262663057559716
2020-12-17,312650752,1,12593366,-0.2377260279642105,0.004586824162363676
2020-12-17,312650752,2,9321489,-0.09045923811649723,0.0021657688305982544
2020-12-17,312650752,3,9387308,-0.03843414933769044,0.008077069332537408
2020-12-17,312650752,4,6408481,0.43423451727105195,0.008628137382831327
2020-12-17,312650752,5,10110397,-0.28449730376998217,0.0010658912408213828
2020-12-17,312650752,6,4113765,0.10897682953961775,0.005109152598758779
2020-12-17,312650752,7,4476858,0.08006127783441068,0.004296485467745005
2020-12-17,312650752,8,18457383,0.009719698522974834,0.0063674031290167545
2020-12-17,312650752,9,23370292,-0.2035655734591855,0.007466500471248857
2020-12-17,312650752,10,15602691,0.09180767297383761,0.002642008052816266
2020-12-17,312650752,11,22743511,0.012428815250457309,0.009726384530975136
2020-12-17,312650752,12,24391588,0.0012914077465080167,0.00945360574198456
2020-12-17,312650752,13,13270100,0.022114558261319122,0.0034111483502102307
2020-12-17,312650752,14,7662539,-0.03753534389262549,0.008651230478271023
2020-12-17,312650752,15,5181751,0.04354107217819488,0.004979109391322288
2020-12-17,312650752,16,11167822,0.10812228093388025,0.0015680576796820746
2020-12-17,312650752,17,11719726,0.1699679163893334,0.0005232003478236055
2020-12-17,312650752,18,7856129,0.27865121567608053,0.0033980586986161595
2020-12-17,312650752,19,7091483,-0.10588454824799247,0.006012908914643922
2020-12-17,312650752,20,7555118,0.056702824504240426,0.004703599849221474
2020-12-17,312650752,21,16344181,-0.09045894621201576,0.007035061364624953
2020-12-17,312650752,22,13777019,0.021737145285639633,0.004949757558027479
2020-12-17,312650752,23,26585092,-0.1796292272224133,0.0020686975828866122
2020-12-17,312650752,24,22061483,-0.09342174713209,0.004138534800170808
2020-12-18,163457696,0,939800,-0.3211206178469153,0.004426908081242908
2020-12-18,163457696,1,25096287,0.4004161275087491,0.003101068611471228
2020-12-18,163457696,2,11491340,-0.1333166689061794,0.006276009709215976
2020-12-18,163457696,3,9670620,0.14976037695372682,0.0052270924727742946
2020-12-18,163457696,4,9248612,0.0076245033419589416,4.738808544794055e-06
2020-12-18,163457696,5,9516171,-0.12706110658658465,0.0015706700704136139
2020-12-18,163457696,6,4424840,0.18697304832886927,0.0005244626658931355
2020-12-18,163457696,7,4537081,-0.19749858512565546,0.0028769826185271624
2020-12-18,163457696,8,6121045,0.3071863271568651,0.004707078853664723
2020-12-18,163457696,9,4186357,0.3739025490791199,0.0013062157664814166
2020-12-18,163457696,10,2825545,0.23400023807106687,9.685328173124565e-08
2020-12-18,163457696,11,3777826,0.4328303423421216,0.0002620368358377841
2020-12-18,163457696,12,2144001,0.14277417319505642,3.8827492366996387e-07
2020-12-18,163457696,13,3849842,0.5051090224447313,0.0002628148258759831
2020-12-18,163457696,14,11474823,-0.030833334083448256,0.0034251294702919094
2020-12-18,163457696,15,8576049,0.14487255725934053,0.0047400040215481295
2020-12-18,163457696,16,5619793,0.026431034810870613,0.00026409202447575113
2020-12-18,163457696,17,4344719,-0.038458396019236375,0.0002635015449737206
2020-12-18,163457696,18,3896105,-0.2054390184692882,0.0013151549596758442
2020-12-18,163457696,19,7372980,0.514944787682065,0.00026701959590438824
2020-12-18,163457696,20,3189620,0.3166297455803507,3.5022633771715152e-06
2020-12-18,163457696,21,3199919,-0.07877366258251327,0.003406191110845979
2020-12-18,163457696,22,3695374,-0.17180144515787346,0.0013093104852149801
2020-12-18,163457696,23,5676434,-0.26620473359443375,0.0018421575480836267
2020-12-18,163457696,24,8582513,0.24746887835054626,0.003946058341410685
2020-12-21,245586809,0,959504,0.34679148765307466,0.006855892181964285
2020-12-21,245586809,1,21383572,0.07757831059205916,0.0027130513766997666
2020-12-21,245586809,2,11424168,0.05951218151099788,0.011196831115629706
2020-12-21,245586809,3,7310663,-0.02331894930312163,0.004274170164301779
2020-12-21,245586809,4,13965623,0.08356270065604425,0.015342121083672618
2020-12-21,245586809,5,11700369,-0.16596173327459438,0.016371475729754188
2020-12-21,245586809,6,7415726,0.1172908738470756,0.005239387817654257
2020-12-21,245586809,7,17734347,-0.08520395999412902,0.0015453159525485344
2020-12-21,245586809,8,8622870,0.15214323198248336,0.007288634254052545
2020-12-21,245586809,9,5839836,-0.24530070744968205,0.0031215053198564782
2020-12-21,245586809,10,6219145,0.16692453037914304,0.0033905386070055654
2020-12-21,245586809,11,4229720,-0.1340148833688613,0.005999599897438793
2020-12-21,245586809,12,5169245,-0.09962692021975962,0.002869745397020413
2020-12-21,245586809,13,4947140,-0.14321233446844417,0.001299016868774277
2020-12-21,245586809,14,6987288,0.08530660820676174,0.000521647425814405
2020-12-21,245586809,15,10666342,0.06894730495710598,1.520255977474301e-06
2020-12-21,245586809,16,5240000,-0.20714411530922766,0.0010360540772000305
2020-12-21,245586809,17,5042400,-0.1844756497207754,0.0007768982080039762
2020-12-21,245586809,18,9562071,-0.3549734303708284,0.0031050367774933412
2020-12-21,245586809,19,4827148,0.40993627865788734,0.005434029863973591
2020-12-21,245586809,20,5893495,0.18975731299529205,0.0028464501684085904
2020-12-21,245586809,21,5560937,0.21048750968469992,0.0005188822521512722
2020-12-21,245586809,22,18134881,-0.23728617927899603,0.006966530469737911
2020-12-21,245586809,23,22870431,0.10734594925348138,0.006199691617129397
2020-12-21,245586809,24,23879888,0.04884427466729343,0.0005136980198941479
2020-12-22,233742717,0,1171800,0.15742856948149844,0.008240601844167817
2020-12-22,233742717,1,15623769,-0.16932306454262958,0.007986985931555913
2020-12-22,233742717,2,11553200,-0.09024689960801013,0.0020674703534914233
2020-12-22,233742717,3,9575753,-0.06785790786451451,0.0038765432269172867
2020-12-22,233742717,4,6341011,0.19775923061853298,3.4055834631654466e-06
2020-12-22,233742717,5,11292231,-0.09194751476643168,0.000783174507590685
2020-12-22,233742717,6,4602773,-0.12166800223334161,0.005709427913803262
2020-12-22,233742717,7,4656830,-0.22720849958440786,0.005706001052337819
2020-12-22,233742717,8,3608110,-0.3376540368974468,0.005183978447183244
2020-12-22,233742717,9,3543860,0.3275529721577066,0.004145074931861949
2020-12-22,233742717,10,4983948,0.051118035672565156,0.0007815547658026725
2020-12-22,233742717,11,3142387,0.06286365813621185,0.004151822614635098
2020-12-22,233742717,12,3533874,-0.006414021757318703,0.0012990130993135731
2020-12-22,233742717,13,3650201,-0.021530949246886904,0.003110158264840148
2020-12-22,233742717,14,10846903,0.3036037349434121,0.0013116283290559526
2020-12-22,233742717,15,17131407,0.2738297754361052,0.0002813114912103502
2020-12-22,233742717,16,6443920,0.10969761413717664,0.00471318580273122
2020-12-22,233742717,17,5773431,-0.054820459160786865,0.0010459154777314368
2020-12-22,233742717,18,5175319,0.20240845983496203,0.0036658028067203634
2020-12-22,233742717,19,17661614,0.010498790698937312,0.004487648221274867
2020-12-22,233742717,20,9732470,0.2828997118843947,0.008433683154499896
2020-12-22,233742717,21,10776990,0.07316411052621144,0.006080453350988776
2020-12-22,233742717,22,11309149,-0.19821338152800877,0.003436658046734575
2020-12-22,233742717,23,21727570,-0.04608475332870332,0.00533305414422614
2020-12-22,233742717,24,29884197,-0.1428060920530095,0.0031822307893825596
2020-12-23,205210286,0,1836900,0.4044577546201662,0.0029500916970162908
2020-12-23,205210286,1,17266017,-0.2683005145651293,0.005348688872739264
2020-12-23,205210286,2,13549975,0.20505290080594257,0.005350915033836239
2020-12-23,205210286,3,10761624,0.45284065819702046,0.0029347110492714194
2020-12-23,205210286,4,12860993,-0.5454369018440648,0.00079448988356053
2020-12-23,205210286,5,8440526,-0.10771319052545238,0.004816222380529583
2020-12-23,205210286,6,5261093,0.06325538033454375,0.005884763243010152
2020-12-23,205210286,7,6846224,0.25479340429926556,0.006151646349098364
2020-12-23,205210286,8,7038810,0.09870366425345281,0.0029424823131152206
2020-12-23,205210286,9,6102700,0.05879348471024463,0.0024038653594789226
2020-12-23,205210286,10,6282847,-0.3581898704819382,0.004807428947844841
2020-12-23,205210286,11,15020272,0.1952698420947892,0.006070924251062361
2020-12-23,205210286,12,19136570,-0.12454372306070174,0.006638348908606835
2020-12-23,205210286,13,6752716,-0.14581132579656209,0.002628065655501599
2020-12-23,205210286,14,5667691,-0.06972816568150078,0.001312714595279831
2020-12-23,205210286,15,8052826,-0.02447029952444288,0.006319072661622709
2020-12-23,205210286,16,8597246,-0.264734127393404,0.0031475476814095326
2020-12-23,205210286,17,7422246,0.1461731341253648,0.0013404688651088115
2020-12-23,205210286,18,5582475,0.1923592095021347,0.0034576411457661774
2020-12-23,205210286,19,5964335,0.17018971621189347,0.0008002466277750827
2020-12-23,205210286,20,4725590,0.21413969982066075,0.004514473378411997
2020-12-23,205210286,21,4705066,0.03364308317508587,0.0066381334219927255
2020-12-23,205210286,22,3919372,0.08734514586281371,0.0005280750429996437
2020-12-23,205210286,23,6023104,-0.09380265062583362,0.0037144374048518553
2020-12-23,205210286,24,7393068,-0.039525668512501055,0.004773373419622068
2020-12-24,134959209,0,842878,0.193683443040201,0.0002598985670906883
2020-12-24,134959209,1,14618019,-0.1153361808957505,0.011906208538502503
2020-12-24,134959209,2,14312955,0.020191539569594946,0.009520295710856731
2020-12-24,134959209,3,7493500,-0.11924370708639122,0.00446993935450581
2020-12-24,134959209,4,5431554,0.1757687464355467,0.006314936013750366
2020-12-24,134959209,5,3680772,-0.41718247689942434,0.002895676736332739
2020-12-24,134959209,6,6546568,-0.05244838904286328,0.005020038484334753
2020-12-24,134959209,7,5226789,-0.09899022872766593,0.007134968640095943
2020-12-24,134959209,8,4422777,-0.07753658835769371,0.003973852737003616
2020-12-24,134959209,9,3956776,-0.04887423407334445,0.00318069145994168
2020-12-24,134959209,10,2752397,0.006490896494060713,0.00026577831610788367
2020-12-24,134959209,11,3862597,0.0841981476046441,0.0007950479485103455
2020-12-24,134959209,12,2720772,-0.16643714447379168,0.0013243190702324874
2020-12-24,134959209,13,3623641,0.10989070736029205,0.0005302626389832189
2020-12-24,134959209,14,3734335,-0.318362616674654,0.00424092870487772
2020-12-24,134959209,15,3893242,0.01749621863631997,0.006365167004612955
2020-12-24,134959209,16,3784262,-0.18090114150325706,0.0037134421659616853
2020-12-24,134959209,17,5957819,0.01211426397792644,0.0034632398820477217
2020-12-24,134959209,18,5649319,0.30359355842035357,0.0042563863136147765
2020-12-24,134959209,19,5313337,0.45910684397243096,0.0005345731150103529
2020-12-24,134959209,20,5507914,-0.13479431343597695,0.005331745945430714
2020-12-24,134959209,21,3985603,-0.15754671349326038,0.0029382030357757746
2020-12-24,134959209,22,4088762,0.08833923402689116,0.001591985920909479
2020-12-24,134959209,23,4816780,-0.07908994272106311,0.0026553045892320896
2020-12-24,134959209,24,8735841,-0.03735302541876834,0.0010573224827352427
2020-12-25,204893329,0,454700,-0.3503499137898221,0.0021447468343934566
2020-12-25,204893329,1,10318390,-0.18323292509998176,0.006151041971155788
2020-12-25,204893329,2,6559270,0.006174121784895005,0.003745251944680855
2020-12-25,204893329,3,6594950,-0.0023194370656381583,0.000533560549806679
2020-12-25,204893329,4,11160793,-0.0017414395027965152,0.003496790151839026
2020-12-25,204893329,5,6893818,0.28019987277798325,0.0037608040500319985
2020-12-25,204893329,6,10489480,0.11887989942455611,0.0005406002814102726
2020-12-25,204893329,7,5682528,0.11524401224534016,0.005658466853416814
2020-12-25,204893329,8,21751494,-0.14817589037835235,0.008454867544370687
2020-12-25,204893329,9,18142939,-0.20992272775052076,0.013296969571443417
2020-12-25,204893329,10,8905527,0.11587087874441122,0.0007907015345493135
2020-12-25,204893329,11,6490502,0.47051283273722394,0.0018455931030194408
2020-12-25,204893329,12,5508600,-0.625632998181068,0.003953020547928066
2020-12-25,204893329,13,11801769,0.18051018484383485,0.0034238576398690317
2020-12-25,204893329,14,5759031,0.38984004993907423,0.003679235852821255
2020-12-25,204893329,15,16130096,0.351418748068489,0.0012926219287467534
2020-12-25,204893329,16,7824033,0.555384564442163,0.00757894738877182
2020-12-25,204893329,17,4888018,0.20588705609516147,0.0015607978486542535
2020-12-25,204893329,18,6023602,-0.01209637848633527,0.000521539343057443
2020-12-25,204893329,19,4840826,-0.11079991880382964,0.0013140809973851146
2020-12-25,204893329,20,4804100,0.08477765715363478,0.0018390303764963846
2020-12-25,204893329,21,4398257,0.10549334109505551,0.004994588374388052
2020-12-25,204893329,22,4485225,-0.30876006206930456,0.00447208561928695
2020-12-25,204893329,23,6070325,0.17374543968866168,0.0026330552427905646
2020-12-25,204893329,24,8915056,-0.37078832130988265,0.0010529276999133757
2020-12-28,270009907,0,1388800,-0.3397080540631088,0.0005277899554027204
2020-12-28,270009907,1,24895513,-0.07253908869382529,0.010230107747068265
2020-12-28,270009907,2,20141816,-0.2546665357841937,0.012309426589995804
2020-12-28,270009907,3,10563529,0.19141480380953652,0.007042442243063541
2020-12-28,270009907,4,11429568,-0.33186033515864466,0.002095060132860934
2020-12-28,270009907,5,22434429,-0.1601563749730781,0.0025736619900226863
2020-12-28,270009907,6,27547933,0.16340241022071214,0.0010544340833373612
2020-12-28,270009907,7,16197626,0.12829760337586318,0.0005281881071964858
2020-12-28,270009907,8,25104540,-0.3039264014508704,0.0035336907027313695
2020-12-28,270009907,9,16865374,-0.10424387682464537,0.014735000759989868
2020-12-28,270009907,10,7165626,0.16936032030385834,0.007110287309353393
2020-12-28,270009907,11,5822634,-0.2539773055869938,0.0017909305284939721
2020-12-28,270009907,12,4860289,-0.08194887872144521,0.0015352419409362915
2020-12-28,270009907,13,5697543,0.06356999805713637,0.002825669860706123
2020-12-28,270009907,14,4362087,0.008862423624148597,0.006674371005263654
2020-12-28,270009907,15,3553780,0.2769607869819905,0.005390630777705795
2020-12-28,270009907,16,5642968,-0.33818619059593513,0.0076868143971120986
2020-12-28,270009907,17,5982035,0.01250745089901373,0.008188825275742643
2020-12-28,270009907,18,6336060,0.15265064144698448,0.0007830341079343503
2020-12-28,270009907,19,5731538,0.4634000843393323,0.003337138175654516
2020-12-28,270009907,20,8115892,0.06659929610066974,0.0012892587279276421
2020-12-28,270009907,21,8341095,-0.36363047760290323,0.0015467161424544303
2020-12-28,270009907,22,5453919,-0.16337145222249602,0.0015501068272477656
2020-12-28,270009907,23,5984011,-0.20694361701648678,0.0031002136544955312
2020-12-28,270009907,24,10391302,-0.04545086933450415,0.0015501068272477656
2020-12-29,263621389,0,1522287,0.33414271278683644,0.005654828096615079
2020-12-29,263621389,1,35157668,-0.3992265709625425,0.005016766764855715
2020-12-29,263621389,2,36647742,0.4264285470066083,0.0038953644445185033
2020-12-29,263621389,3,20652100,-0.07705080414376912,0.01633187287879255
2020-12-29,263621389,4,11266098,0.01213435796696184,0.01183051878700912
2020-12-29,263621389,5,6450845,0.009572670648240968,0.0012661646260247652
2020-12-29,263621389,6,4579001,0.10493058956294415,0.002522319372032539
2020-12-29,263621389,7,4897171,-0.2368552917133707,0.002018503646632799
2020-12-29,263621389,8,12895120,0.23887064340661096,0.004273720414083177
2020-12-29,263621389,9,6761973,0.19880088291066286,0.004277477613352769
2020-12-29,263621389,10,19139575,0.1889125240359915,0.003744261680947055
2020-12-29,263621389,11,10321957,0.11904369687643988,0.00999528399156482
2020-12-29,263621389,12,8974340,0.007014707104922486,0.0024791471742810086
2020-12-29,263621389,13,7288773,0.13186459484152668,0.002008721425424772
2020-12-29,263621389,14,3479271,0.0909025791290465,0.0005037234094113903
2020-12-29,263621389,15,3138578,-0.14901744188262922,0.0017691662970254233
2020-12-29,263621389,16,3853227,-0.21624147517945513,0.00025366593677631405
2020-12-29,263621389,17,5311395,0.5449300624947381,0.006074778174575634
2020-12-29,263621389,18,8536844,0.08310204351111068,0.00353612248644743
2020-12-29,263621389,19,10018396,-0.16728874208726768,0.0005155993920425697
2020-12-29,263621389,20,7871127,0.13858785690102546,0.006121321556672335
2020-12-29,263621389,21,4976754,0.40750981133778263,0.007648550619449677
2020-12-29,263621389,22,5201685,-0.25601583200615297,0.004335375282238184
2020-12-29,263621389,23,10101880,-0.2565100033711856,0.0017895432446240495
2020-12-29,263621389,24,14577582,-0.22789902130528522,0.0005102663565973524
2020-12-30,358849036,0,1021110,0.40510898755585806,0.0035807550561925065
2020-12-30,358849036,1,21053860,0.1987254862828984,0.0020474489971127226
2020-12-30,358849036,2,14645604,0.03894537952956157,0.0020332823495084616
2020-12-30,358849036,3,17015003,0.36074753315168234,1.103121530275443e-05
2020-12-30,358849036,4,20837143,-0.07482703575361765,0.002252603861731967
2020-12-30,358849036,5,14129453,-0.004520944637873848,0.004036283784768112
2020-12-30,358849036,6,8583071,-0.26526724781740113,0.0007529977174046225
2020-12-30,358849036,7,15683998,-0.12900202110059014,0.002007490574998198
2020-12-30,358849036,8,6658478,0.0797323865185445,0.0015054615510910977
2020-12-30,358849036,9,5970621,-0.10438696158187591,0.0032613633455918466
2020-12-30,358849036,10,13087776,0.2520505548835333,0.0030100369590161185
2020-12-30,358849036,11,4702553,0.049671610028223304,0.0017542973620992847
2020-12-30,358849036,12,34152328,-0.2863310674452721,0.012462581453275343
2020-12-30,358849036,13,15223427,-0.22965692731848084,0.009720359681523918
2020-12-30,358849036,14,10560097,-0.22590824536792597,0.004947930733968539
2020-12-30,358849036,15,8931831,-0.05839973340383817,0.003215029839758478
2020-12-30,358849036,16,13576404,-0.2475188630099636,0.0024820356028285987
2020-12-30,358849036,17,10618082,0.03316663596654733,0.0012415392793612167
2020-12-30,358849036,18,6773134,0.09543273041274015,0.0012389298753396273
2020-12-30,358849036,19,18745696,-0.15253525953840194,0.006177020142593419
2020-12-30,358849036,20,19755896,-0.18284995717611097,0.006664860253901517
2020-12-30,358849036,21,11684635,-0.3682618570609226,0.002708493264103314
2020-12-30,358849036,22,19358764,0.29972041348128786,0.0009779912295159346
2020-12-30,358849036,23,19151611,-0.0341109534298266,0.004418739338714341
2020-12-30,358849036,24,26928461,-0.3507930477060131,0.005396068923738337
2020-12-31,505533962,0,4478777,-0.050003260523930684,0.00797067469340532
2020-12-31,505533962,1,84760504,-0.4319718277667905,0.005481566140363062
2020-12-31,505533962,2,56968077,0.22912025638071426,0.008475110620604182
2020-12-31,505533962,3,60965131,0.02486551536292561,0.011735856405161163
2020-12-31,505533962,4,43587466,-0.20546640940066363,0.02854601887923218
2020-12-31,505533962,5,25486668,-0.25627802740098815,0.00931345332602559
2020-12-31,505533962,6,19440573,-0.05579418985272119,0.006178819909033287
2020-12-31,505533962,7,15161011,-0.3518862985811573,0.010303534066277032
2020-12-31,505533962,8,12801109,-0.1280187886049893,0.011225352668272404
2020-12-31,505533962,9,10055026,-0.12076555358971983,0.009860943755827545
2020-12-31,505533962,10,8953876,-0.01865728658339696,0.009652114904934497
2020-12-31,505533962,11,17478973,-0.13310947997120745,0.0066712746439009304
2020-12-31,505533962,12,7631271,-0.1930519844101846,0.003929700544661223
2020-12-31,505533962,13,7735668,0.16451610413714568,0.008317726106174816
2020-12-31,505533962,14,7905146,0.0270781774806357,0.0004933249671708149
2020-12-31,505533962,15,11047011,0.023229919274788045,0.004815802728488522
2020-12-31,505533962,16,7299824,-0.21203629911046862,0.0004573043087133494
2020-12-31,505533962,17,7264902,-0.32626979764393954,0.0015979081927561198
2020-12-31,505533962,18,8761964,-0.35045087533472,0.0031960380789646716
2020-12-31,505533962,19,9827897,-0.313363749514615,0.00569708951417542
2020-12-31,505533962,20,10024420,-0.13496601552445597,0.01277964292523278
2020-12-31,505533962,21,10658001,-0.024964309909023402,0.012804881059895025
2020-12-31,505533962,22,14932688,0.23918651693678167,0.0013899485132510012
2020-12-31,505533962,23,19564749,-0.1675655728038165,0.0013726204223309549
2020-12-31,505533962,24,22743230,-0.17614362047812243,0.005230478370518699
2021-01-04,468503138,0,7555046,-0.0025393749908259574,0.01987550504871112
2021-01-04,468503138,1,71991930,0.12941759035815456,0.024983131985214416
2021-01-04,468503138,2,32611672,0.38026867151952637,0.0062607955130018055
2021-01-04,468503138,3,24728754,0.13816906019122854,0.00023610721475645477
2021-01-04,468503138,4,20279748,-0.2592748517730777,0.007933300867361983
2021-01-04,468503138,5,14156880,-0.30628664595415706,0.00521016483998917
2021-01-04,468503138,6,18545668,0.15455201639583216,0.007409029136436018
2021-01-04,468503138,7,33510802,-0.1297499717172605,0.0009615401480134904
2021-01-04,468503138,8,14863401,0.20030400106427215,0.009552730784521643
2021-01-04,468503138,9,12100748,-0.3210425274694059,0.006874122102841024
2021-01-04,468503138,10,12307566,-0.18942467086632578,0.002222808327908838
2021-01-04,468503138,11,8714720,0.07505393934776762,0.004641603794537651
2021-01-04,468503138,12,10436522,-0.3252729705066865,0.00795387359690337
2021-01-04,468503138,13,31741708,-0.004529682238375748,0.0004038725041016836
2021-01-04,468503138,14,13213418,-0.2011554497891595,0.005917853443247831
2021-01-04,468503138,15,11253985,0.019622036584633868,0.004391226631942014
2021-01-04,468503138,16,17503985,-0.036711128319337365,0.0010718640473671515
2021-01-04,468503138,17,9005650,0.4199596811750772,0.0070685988446679265
2021-01-04,468503138,18,11922258,0.1483003574932591,0.000672373073274147
2021-01-04,468503138,19,8434456,0.2937348349903585,0.003300710188503331
2021-01-04,468503138,20,8101037,-0.14056976193410584,0.004171934050602332
2021-01-04,468503138,21,21933355,0.015670287780565683,0.0012913750463729996
2021-01-04,468503138,22,15491703,0.14866016133469453,0.005236838327315837
2021-01-04,468503138,23,18901708,0.2520215034035657,0.00021861095298224178
2021-01-04,468503138,24,19196418,-0.21843685362772597,0.004380815866725266
2021-01-05,430876869,0,3439643,0.9884124879836738,0.0060402499192891155
2021-01-05,430876869,1,41770043,0.01010821063863937,0.033700560219137
2021-01-05,430876869,2,31942408,-0.16083835923265485,0.026963564905426833
2021-01-05,430876869,3,25602086,-0.21352741290765032,0.0031029692163892595
2021-01-05,430876869,4,18135612,-0.17330810681774675,0.012700837750621448
2021-01-05,430876869,5,14018008,-0.11850785270293786,0.011185241653763915
2021-01-05,430876869,6,18426967,0.05226115948874561,0.005040455051794698
2021-01-05,430876869,7,10418949,0.14879885298213683,0.0006610870627262856
2021-01-05,430876869,8,13321196,0.16411440694856327,0.0006623261924576465
2021-01-05,430876869,9,33224925,-0.1480929355809343,0.013142453885060591
2021-01-05,430876869,10,18416260,0.01861504563762545,0.01918918305219315
2021-01-05,430876869,11,17284506,0.21568227275525348,0.014786989406138297
2021-01-05,430876869,12,12707168,-0.09347272680043255,0.01859716376870433
2021-01-05,430876869,13,7509642,-0.164205031639007,0.006750134437807237
2021-01-05,430876869,14,9338465,0.020280864662092758,0.004435017621831627
2021-01-05,430876869,15,9726016,0.06926917156237765,0.003541555078367081
2021-01-05,430876869,16,6822774,-0.060318809440656075,0.0008894803499974392
2021-01-05,430876869,17,6709311,0.030367380433049262,0.005080165842273447
2021-01-05,430876869,18,10905673,-0.3460666403665766,0.011903766525516632
2021-01-05,430876869,19,32938141,-0.004634095551083795,0.005092048978395341
2021-01-05,430876869,20,22422486,-0.14868837915422053,0.0027990344222549343
2021-01-05,430876869,21,28417317,0.10297885436724666,0.0032722223786287967
2021-01-05,430876869,22,10873847,-0.28336327315321164,0.00842012030524643
2021-01-05,430876869,23,8998787,0.056388505834690655,0.005400194791268562
2021-01-05,430876869,24,17506639,0.20155159975232345,0.0039175656883805934
2021-01-06,341757653,0,2423814,0.7838331425554428,0.009569631727073629
2021-01-06,341757653,1,59235529,-0.13601179717347256,0.007228527297883326
2021-01-06,341757653,2,46842440,-0.3074282016339587,0.006310452745211161
2021-01-06,341757653,3,25055033,-0.09015797739011674,0.012493711113451798
2021-01-06,341757653,4,24530403,0.2700413226271235,0.0027296755084006818
2021-01-06,341757653,5,13132986,0.230522773367396,0.0049050961513017275
2021-01-06,341757653,6,12085211,0.04198481013127953,0.004239926692032459
2021-01-06,341757653,7,7893789,0.1329631466751827,0.010615931761596554
2021-01-06,341757653,8,7283157,0.1275542377722953,0.0008923369554513536
2021-01-06,341757653,9,15839329,-0.2067786479163489,0.0014663780027016585
2021-01-06,341757653,10,10910763,-0.3054618270321726,0.012042764790797923
2021-01-06,341757653,11,4508714,-0.20575296172031488,0.010947731669662921
2021-01-06,341757653,12,4628377,-0.18772683909527693,0.001741947666688067
2021-01-06,341757653,13,10232451,0.027667639605422383,0.007974599367159158
2021-01-06,341757653,14,6538292,-0.3451926081961586,0.0049599222583522175
2021-01-06,341757653,15,11016501,-0.05609155127908339,0.013925085138116394
2021-01-06,341757653,16,9465679,-0.05587390392851776,0.017738345877991436
2021-01-06,341757653,17,6957855,-0.11321574426691833,0.011718581594629069
2021-01-06,341757653,18,7856429,0.05962645792160759,0.012358797429133823
2021-01-06,341757653,19,6753424,0.1025840395373394,0.0038197741933935544
2021-01-06,341757653,20,6777308,0.034113517473311365,0.006857850404914462
2021-01-06,341757653,21,7599186,-0.021984241455823336,0.005566750365592128
2021-01-06,341757653,22,8069877,-0.30747607451126285,0.0014964581113841532
2021-01-06,341757653,23,9472495,0.18203245950427316,0.0008558672590662581
2021-01-06,341757653,24,16648611,-0.0694581950085317,0.002352519615957531
2021-01-07,371183022,0,1756106,-0.00044137119317345886,0.003635253797879171
2021-01-07,371183022,1,27767286,-0.09348030491953947,0.010015725301118581
2021-01-07,371183022,2,23469118,-0.1543401657277119,0.004711791805432956
2021-01-07,371183022,3,16587369,-0.01807378623727812,0.011644641724946515
2021-01-07,371183022,4,19499351,0.02607525138991954,0.0054886507528856205
2021-01-07,371183022,5,18441812,-0.12211150344294314,0.0004407991566572801
2021-01-07,371183022,6,6585168,-0.23146086427306187,0.0045063131686193525
2021-01-07,371183022,7,8796466,-0.019785785439815597,0.004268926457230275
2021-01-07,371183022,8,7405624,0.21617884901460624,0.004068829509830788
2021-01-07,371183022,9,7540049,-0.21744800018844418,0.00021518616622598209
2021-01-07,371183022,10,4409240,0.24064726967455963,0.006809628187017429
2021-01-07,371183022,11,8385906,-0.3164258616369758,0.012131541814972351
2021-01-07,371183022,12,10362977,-0.14559780772575817,0.005749016654871837
2021-01-07,371183022,13,21270498,-0.27076057195938547,0.005889825010665621
2021-01-07,371183022,14,17656507,0.01402316061509047,0.009255043793335698
2021-01-07,371183022,15,11719968,-0.06321857461082346,0.0010452787701365695
2021-01-07,371183022,16,15795109,0.04321749695209139,0.005939839837967167
2021-01-07,371183022,17,13515062,0.04512714124017043,0.007838910248884305
2021-01-07,371183022,18,7598094,-0.12232928296285468,0.0010643749020349258
2021-01-07,371183022,19,7763676,-0.11360006878702901,0.0006386634014060184
2021-01-07,371183022,20,11517132,-0.24309087891815928,0.0017059279231743483
2021-01-07,371183022,21,5920726,-0.18849575440839203,0.006175240741800536
2021-01-07,371183022,22,35911400,0.1418198962205026,0.016021909526945682
2021-01-07,371183022,23,32746523,0.11063323196469407,0.020697345880389947
2021-01-07,371183022,24,28761855,-0.1674555130304305,0.007792958939672845
2021-01-08,353710628,0,4836400,-0.9636646474051449,0.005957086988355953
2021-01-08,353710628,1,49867345,-0.004099325047271984,0.015811409029768787
2021-01-08,353710628,2,35501956,0.2737036612216956,0.014596751192367375
2021-01-08,353710628,3,24114901,0.021376793953588557,0.0027011100846647098
2021-01-08,353710628,4,27142165,0.10410491378148862,0.006721832007363536
2021-01-08,353710628,5,19345849,-0.20075018347589432,0.012792553400254472
2021-01-08,353710628,6,11113341,0.031117434338128195,0.0016908099776671145
2021-01-08,353710628,7,11556597,0.3477027996399349,0.0006318481253668485
2021-01-08,353710628,8,12455106,-0.4940349867212876,0.0029060367057216875
2021-01-08,353710628,9,8404739,0.305158028612785,0.010407315155067896
2021-01-08,353710628,10,7962216,-0.028239663407293645,0.005202174157496589
2021-01-08,353710628,11,8284098,-0.218725626860686,0.0004203911240896225
2021-01-08,353710628,12,8708180,0.08207777635032128,0.0010537002083358185
2021-01-08,353710628,13,14874285,-0.08949672938564326,0.0025215689762462063
2021-01-08,353710628,14,10104239,0.08565426746811018,0.002728867065305737
2021-01-08,353710628,15,6792386,0.04286171209282339,0.0031488283670314103
2021-01-08,353710628,16,7944579,0.01301021647813342,0.0016750509722972937
2021-01-08,353710628,17,7489775,0.2367669329325969,0.0048197106946087165
2021-01-08,353710628,18,10769535,0.1946541345943138,0.005452445134185003
2021-01-08,353710628,19,13035880,-0.1676410533888403,0.004616878926833516
2021-01-08,353710628,20,7090606,0.3270129831086066,0.0012559466641980884
2021-01-08,353710628,21,8020027,-0.2723429142890165,0.003785822261362165
2021-01-08,353710628,22,9423330,-0.522454426498672,0.00040918780800446616
2021-01-08,353710628,23,13808453,0.15071703375055098,0.00022029680093230903
2021-01-08,353710628,24,15064640,0.05605032641174113,0.003962432447521312
2021-01-11,322945728,0,2074600,-0.7047970479704797,0.009132585589297184
2021-01-11,322945728,1,29181096,0.06876989049904886,0.016599187698620167
2021-01-11,322945728,2,14518892,0.018764424859468182,0.007881188588895199
2021-01-11,322945728,3,21734276,-0.07515807572745703,0.00125806819391503
2021-01-11,322945728,4,13768588,-0.04942622286003789,0.011467959127128348
2021-01-11,322945728,5,14183958,0.16090939610690755,0.010824118250986137
2021-01-11,322945728,6,8385578,0.19170600983386282,0.0006266223568764508
2021-01-11,322945728,7,9245031,0.1187972489222449,6.116867124827421e-06
2021-01-11,322945728,8,6688198,-0.08353389005996807,0.003124952245997571
2021-01-11,322945728,9,5981192,-0.09447263547763605,0.0012452020390619476
2021-01-11,322945728,10,5029980,0.09701364150259827,0.00582550688567488
2021-01-11,322945728,11,5387898,0.16088265218568745,0.0006110260417181837
2021-01-11,322945728,12,16906395,-0.1485773136500977,0.005503466282294974
2021-01-11,322945728,13,18040836,-0.11158284786389744,0.009913209811816377
2021-01-11,322945728,14,10055689,0.14936917471384262,0.003997214813707101
2021-01-11,322945728,15,9215296,0.213666265728123,0.005899863387212289
2021-01-11,322945728,16,10136143,0.06978188219271758,0.0054866323757244715
2021-01-11,322945728,17,11572655,-0.11951846777153892,0.006965039078511023
2021-01-11,322945728,18,8106471,0.05550169119982024,0.001269935115078197
2021-01-11,322945728,19,15103056,0.33269137483645234,0.004245688680681147
2021-01-11,322945728,20,34004429,0.020765233509393452,0.005405538266776353
2021-01-11,322945728,21,13589637,-0.22909749053930517,0.015454283336500235
2021-01-11,322945728,22,11347545,-0.025768334929725294,0.0012301979821113306
2021-01-11,322945728,23,10894620,0.0790413931699998,0.009159249305536537
2021-01-11,322945728,24,17793669,-0.13954273946357107,0.0017183236765689334
2021-01-12,537187568,0,1777889,0.9524515357426172,0.0051254603463702555
2021-01-12,537187568,1,40006154,-0.19790429975079157,0.015409890257407211
2021-01-12,537187568,2,24766004,-0.07341351933378702,0.018361476334194833
2021-01-12,537187568,3,39907898,0.13057321655494855,0.009172893598719282
2021-01-12,537187568,4,18872028,-0.2853329499124134,0.011864966444614477
2021-01-12,537187568,5,8987712,-0.2620276656986318,0.006032664549508179
2021-01-12,537187568,6,11095904,-0.4685169617645369,0.0008274224160112866
2021-01-12,537187568,7,10702942,0.1729835620216424,0.0058220807884026395
2021-01-12,537187568,8,6444098,-0.3753507493905961,0.00520229305515937
2021-01-12,537187568,9,18268752,-0.6036624047665187,0.007017644855727011
2021-01-12,537187568,10,28346512,0.35237328409307556,0.00499461548779345
2021-01-12,537187568,11,12483781,-0.1197933533861504,0.007584046706082763
2021-01-12,537187568,12,7812989,0.23117033783142324,0.003689201386099277
2021-01-12,537187568,13,13393123,-0.2079042043162821,0.0036924122111340646
2021-01-12,537187568,14,15983441,-0.29725917710609606,0.00018646220941445727
2021-01-12,537187568,15,34651270,-0.10843379153699513,0.013419558641618501
2021-01-12,537187568,16,25256027,0.18663940763356165,0.020678186721926155
2021-01-12,537187568,17,24490567,0.34838236506070325,0.01389377737753625
2021-01-12,537187568,18,31136185,0.06657283797356708,0.010111665700358218
2021-01-12,537187568,19,26160958,0.05924245922358037,0.0017724999074436882
2021-01-12,537187568,20,13873392,0.10993549919153923,0.00039162289404489156
2021-01-12,537187568,21,34108152,-0.008758929451477588,0.02583393307656607
2021-01-12,537187568,22,32974809,-0.15731917311777435,0.014611718535709433
2021-01-12,537187568,23,22283736,-0.07529127015002939,0.01380935647074358
2021-01-12,537187568,24,33403245,0.5224623721168623,0.01521122772994459
2021-01-13,480990804,0,4522150,0.5156209656596953,0.01723061337848675
2021-01-13,480990804,1,83437511,-0.12804075055604852,0.018431151677715796
2021-01-13,480990804,2,34127778,-0.33442536739366385,0.010433109824406926
2021-01-13,480990804,3,26669337,0.11594713153747355,0.0007396227544198713
2021-01-13,480990804,4,37032584,-0.06270192710870859,0.006249282848014598
2021-01-13,480990804,5,21761207,0.4194534469219377,0.0003389241965857618
2021-01-13,480990804,6,20703932,-0.013356026664243913,0.008515990627838406
2021-01-13,480990804,7,10709787,-0.16250409473480412,0.0016773830603794288
2021-01-13,480990804,8,16966473,0.19437436170100042,0.0038324047089736074
2021-01-13,480990804,9,9441142,0.06695402491246717,0.012088982380130696
2021-01-13,480990804,10,14484618,-0.28624593765302114,0.015540830920944215
2021-01-13,480990804,11,20876868,-0.20855575529437306,0.004799309071375148
2021-01-13,480990804,12,14293113,0.32522335885594,0.009580583685096344
2021-01-13,480990804,13,10141242,0.03415348984269551,0.0016765165314206818
2021-01-13,480990804,14,8082520,-0.004263505055125397,0.0014178117210016182
2021-01-13,480990804,15,10738217,0.19255518351876016,0.003667124365922388
2021-01-13,480990804,16,27478635,0.3361370587952033,0.010624537400221599
2021-01-13,480990804,17,17739767,-0.2945293405785553,0.015847741980838444
2021-01-13,480990804,18,9949617,-0.26024380531043667,0.0005351060882902908
2021-01-13,480990804,19,8214231,-0.01544748551190477,0.005953037180282129
2021-01-13,480990804,20,9757659,-0.017913389012737552,0.0003758790807154207
2021-01-13,480990804,21,9195991,-0.15441563589079627,0.00316555461215257
2021-01-13,480990804,22,14016061,0.06935785259530956,0.006720804222630334
2021-01-13,480990804,23,13853928,-0.23565606193998132,0.01083407578592993
2021-01-13,480990804,24,26796436,-0.4668044840197193,0.01240626708364396
2021-01-14,370347450,0,2039800,-0.702148347354105,0.033788246777956284
2021-01-14,370347450,1,43032155,0.1384439222993648,0.00020076194027813892
2021-01-14,370347450,2,29310804,-0.11497462234135512,0.019360768753379748
2021-01-14,370347450,3,47044536,-0.30488172638965555,0.008903231293246277
2021-01-14,370347450,4,37309633,-0.12588842452574334,0.003691453492928285
2021-01-14,370347450,5,30470138,-0.2849320725200515,0.005908602038825384
2021-01-14,370347450,6,15510589,0.006686001682850737,0.008103088982161364
2021-01-14,370347450,7,13695256,-0.2352940183048516,0.005097641345261455
2021-01-14,370347450,8,15440610,-0.027612791285788103,0.007275622000550269
2021-01-14,370347450,9,7673510,-0.11488183919866417,0.0013028248979049908
2021-01-14,370347450,10,6339035,0.30703721277944657,0.007334195249389379
2021-01-14,370347450,11,7855738,-0.43961342719100466,0.0020995322724409707
2021-01-14,370347450,12,5203710,-0.16458323560463844,0.0033944623268252366
2021-01-14,370347450,13,7015142,-0.042210153130219315,0.00038693065248765696
2021-01-14,370347450,14,5621609,-0.3213074596940168,0.0015235231894342486
2021-01-14,370347450,15,7201833,-0.24056572088266928,0.0028771974025556704
2021-01-14,370347450,16,6657616,-0.30401068568062467,0.0086197280779505
2021-01-14,370347450,17,6438382,-0.13438534174573144,0.0019320599081602452
2021-01-14,370347450,18,11280957,-0.23991858312006736,0.0063895414629587186
2021-01-14,370347450,19,6589048,-0.1742174099429127,0.019061563737688254
2021-01-14,370347450,20,6336441,-0.20071899555381964,0.0042847856037377076
2021-01-14,370347450,21,8407327,0.09244680771813697,0.0024630677419872227
2021-01-14,370347450,22,8439776,-0.20131532177742817,0.00709489954226512
2021-01-14,370347450,23,16746013,0.11276112972821437,0.009010930733858913
2021-01-14,370347450,24,18687792,0.1484428476356309,0.00035462610926978005
2021-01-15,339503226,0,2052700,0.9984738926637841,0.0040519868754052045
2021-01-15,339503226,1,38029626,0.09067893366921359,0.011916519973819522
2021-01-15,339503226,2,16945381,0.16657412820784062,0.017078135785146255
2021-01-15,339503226,3,19473704,-0.2289311048295716,0.004395446809281436
2021-01-15,339503226,4,14257654,-0.23865441182670222,0.006329597917000236
2021-01-15,339503226,5,14140749,0.03558507754978908,0.00041696329067948126
2021-01-15,339503226,6,9947223,0.16592579838595023,0.003621678540471075
2021-01-15,339503226,7,9191386,-0.269289199048705,0.009138192182392046
2021-01-15,339503226,8,5351781,-0.12415641326057619,0.007425793253919093
2021-01-15,339503226,9,5005682,-0.10394889359201387,0.00019238179792064513
2021-01-15,339503226,10,7992936,-0.3181869655632169,0.0015396955533898314
2021-01-15,339503226,11,19647554,-0.039812299354248314,0.011695533193451034
2021-01-15,339503226,12,33190224,-0.1718151298894157,0.002118144712720795
2021-01-15,339503226,13,35179017,-0.10774031356633419,0.00988412393135805
2021-01-15,339503226,14,13729846,0.14953230320811894,0.00439998935201363
2021-01-15,339503226,15,9869812,-0.2777406386890858,0.0009859888132010737
2021-01-15,339503226,16,8819821,0.07284434387092087,0.003584383990293591
2021-01-15,339503226,17,6522882,0.16188234004262214,0.000994720222415712
2021-01-15,339503226,18,7653664,-0.11114091008538829,0.004965733452819309
2021-01-15,339503226,19,10093297,-0.4528118812290189,0.0074253425632336365
2021-01-15,339503226,20,11684285,-0.39346137927484914,0.0034442050542046743
2021-01-15,339503226,21,11007886,-0.019176073542738644,0.01239529700763164
2021-01-15,339503226,22,5929183,-0.21716602842010244,0.006192528882852835
2021-01-15,339503226,23,8476564,-0.0007345029459427483,0.000389895920764482
2021-01-15,339503226,24,15310369,-0.06465031277795957,0.011480844831149879
2021-01-18,331788751,0,1506551,0.9794445929001624,0.0073717373898909925
2021-01-18,331788751,1,20887002,-0.14427700138427554,0.011367532742810077
2021-01-18,331788751,2,17065764,0.249870364126114,0.0004777723553728456
2021-01-18,331788751,3,26811064,-0.06692954179020913,0.0010603283415262122
2021-01-18,331788751,4,38150968,-0.08499301038082926,0.002166632124188683
2021-01-18,331788751,5,21368571,-0.04479106607575604,0.013949931651206348
2021-01-18,331788751,6,10403141,-0.3166790562332998,0.0052646527189035485
2021-01-18,331788751,7,13823059,0.030159219814768767,0.0007481921174905834
2021-01-18,331788751,8,18333164,0.12818376890769742,0.002607366106437379
2021-01-18,331788751,9,7066700,-0.15219447847504158,0.0016986107384752455
2021-01-18,331788751,10,8296696,0.22649643761376642,0.005204983834274875
2021-01-18,331788751,11,6584685,0.2943804886103535,0.003188432906673961
2021-01-18,331788751,12,4247100,-0.18249938874749433,0.00915978373043478
2021-01-18,331788751,13,7994271,-0.00545770076761454,0.0011341229417401576
2021-01-18,331788751,14,20953871,-0.001863966008170762,0.010651449086155531
2021-01-18,331788751,15,12164331,0.22481422660714462,0.017650622297900834
2021-01-18,331788751,16,11390526,-0.4421913977429959,0.009331047987156602
2021-01-18,331788751,17,13118117,-0.014114974982692693,0.012821349222647174
2021-01-18,331788751,18,11453575,0.09021567277690713,0.0036298303364164534
2021-01-18,331788751,19,8249722,0.3766502021625056,0.0029531354071362166
2021-01-18,331788751,20,8961778,-0.309017278562981,0.00018371331371974596
2021-01-18,331788751,21,8033486,0.17142044006186374,0.00445714910430963
2021-01-18,331788751,22,6645762,0.5253284860020792,0.0057532983543656
2021-01-18,331788751,23,15205897,0.0003604301936569396,0.001875450185208034
2021-01-18,331788751,24,13072950,0.3096947935110406,0.003538942104357184
2021-01-19,293006346,0,1972100,-0.826718376103639,0.0007506408442791063
2021-01-19,293006346,1,22094818,-0.07929734493639991,0.0026233763707569275
2021-01-19,293006346,2,19599911,0.16430630996563683,0.0013117625618635916
2021-01-19,293006346,3,16891749,0.08819698873407891,0.003550910358696338
2021-01-19,293006346,4,24889398,-0.042621970001980654,0.008651290085545311
2021-01-19,293006346,5,15949032,-0.15643434300299303,0.021424691196646566
2021-01-19,293006346,6,10336827,0.017705771178205938,0.0038155506047349726
2021-01-19,293006346,7,8239460,0.27054917419413244,0.002404408663580996
2021-01-19,293006346,8,5720144,-0.057798198922163285,0.006192400810576782
2021-01-19,293006346,9,5421565,0.0582863622267821,0.001692950469090164
2021-01-19,293006346,10,6471274,-0.0739848458020616,0.0018608389735663652
2021-01-19,293006346,11,6514299,-0.01519862753999583,0.0020548656986103357
2021-01-19,293006346,12,13415259,0.08502081391692774,0.0013014156778685577
2021-01-19,293006346,13,9659433,0.12964293966536938,0.004288382607763727
2021-01-19,293006346,14,4866223,-0.13146076807744875,0.005221862229264465
2021-01-19,293006346,15,5343865,0.27416517615091984,0.0001874353020289724
2021-01-19,293006346,16,7346175,-0.23191487094830399,0.005430391196734327
2021-01-19,293006346,17,16656763,0.24003042605039984,0.0001554673744839198
2021-01-19,293006346,18,23666040,-0.04401400392116756,0.0025123908948909927
2021-01-19,293006346,19,17560196,0.19506524023237656,0.00569613321842039
2021-01-19,293006346,20,9333374,-0.151675741515195,0.002105443343822351
2021-01-19,293006346,21,10695518,0.29041066674952204,0.0005730960057999482
2021-01-19,293006346,22,8383828,-0.032282696161537186,0.0009565062556890959
2021-01-19,293006346,23,10102988,-0.09921796243458508,0.0009543374824317544
2021-01-19,293006346,24,11876107,-0.12517720380145514,0.0019088298072646552
2021-01-20,272730867,0,3858800,-0.7879503729469318,0.015316166181289725
2021-01-20,272730867,1,41920190,0.23359665381926972,0.01156603006719034
2021-01-20,272730867,2,33152014,-0.17077518742930056,0.007919069261812134
2021-01-20,272730867,3,22140049,0.10874888215190925,0.016245256640229168
2021-01-20,272730867,4,15503016,-0.06608128266335957,0.0018192035828123697
2021-01-20,272730867,5,11154857,0.013975395859192793,0.0035202558864922246
2021-01-20,272730867,6,9601047,-0.06657541705935013,0.0018598295340069824
2021-01-20,272730867,7,7424217,0.055383234616557815,0.005204008668323122
2021-01-20,272730867,8,10787647,-0.28804048179419606,0.0037149745183695172
2021-01-20,272730867,9,9476413,0.32919230353829565,0.002788840647330158
2021-01-20,272730867,10,9592598,-0.0639818002418145,0.0007338814013453251
2021-01-20,272730867,11,11406751,-0.08865601591577768,0.004713003581818018
2021-01-20,272730867,12,11215016,-0.27279640238011105,0.006383100345458454
2021-01-20,272730867,13,6530043,0.06837849914895451,0.004337862259412561
2021-01-20,272730867,14,5407168,0.3331637918050046,0.0024547418402714703
2021-01-20,272730867,15,4043200,0.03020303569600754,0.004892683276640492
2021-01-20,272730867,16,8034141,0.025860556713245986,0.0030097646892329293
2021-01-20,272730867,17,4102581,0.062349174251253796,0.000568537255271161
2021-01-20,272730867,18,6132701,-0.0708427956347943,0.006980877709606945
2021-01-20,272730867,19,4379321,-0.07429093833988895,0.007537488669638006
2021-01-20,272730867,20,5078712,-0.02645347364154616,0.0005611989709002532
2021-01-20,272730867,21,5876066,-0.07964939911459633,0.0015080425434066272
2021-01-20,272730867,22,8091326,0.21052584705891436,0.001699146316580965
2021-01-20,272730867,23,6975725,-0.031343807984022864,0.004904628118654598
2021-01-20,272730867,24,10847268,0.04505925638461123,0.00603258026643032
2021-01-21,384000628,0,1831200,-0.8136135031290024,0.006967891993099608
2021-01-21,384000628,1,36643482,-0.027672582264158755,0.007026220296906677
2021-01-21,384000628,2,22236473,0.20987170302895852,0.012464548517229
2021-01-21,384000628,3,29393480,-0.12609591850824295,0.01047955446456176
2021-01-21,384000628,4,16651386,-0.07111741068175133,0.014132336857479904
2021-01-21,384000628,5,10355834,-0.3232089468620019,0.002553119624321622
2021-01-21,384000628,6,8329897,0.06934740813792459,6.9197821528306436e-06
2021-01-21,384000628,7,8057719,-0.5372818848691533,0.004983747044340463
2021-01-21,384000628,8,14100256,0.024925927035366256,0.002553179264397968
2021-01-21,384000628,9,32679179,-0.3036613817779354,0.006282617673794368
2021-01-21,384000628,10,27284305,-0.1252865671285825,0.012864022965451685
2021-01-21,384000628,11,20724546,0.008084534476702366,0.011809983995983294
2021-01-21,384000628,12,24241704,-0.20839007194186654,0.005069234946083624
2021-01-21,384000628,13,23858112,0.13187885619062195,0.005304695758313662
2021-01-21,384000628,14,12403258,0.2957760851897817,0.005655514379689348
2021-01-21,384000628,15,8257405,-0.1442194691085586,0.00725161842324637
2021-01-21,384000628,16,8238036,0.036355580840359905,0.0007110074079000457
2021-01-21,384000628,17,7519224,0.40603543273001824,0.003362454270616901
2021-01-21,384000628,18,8646267,-0.12764442926127678,0.004248973210603277
2021-01-21,384000628,19,12972216,0.11033976386603615,0.007807008662566757
2021-01-21,384000628,20,8120142,-0.11093077815655089,0.004074125424359713
2021-01-21,384000628,21,7599877,-0.32156827060785736,0.009429645420014445
2021-01-21,384000628,22,8817595,-0.16881806648917155,0.011012075606471881
2021-01-21,384000628,23,10175657,0.21737911160512347,0.0017668077068292093
2021-01-21,384000628,24,14863378,-0.036529498216749626,0.0007098963851239981
2021-01-22,308956904,0,2080530,0.9443533255481348,0.005916869825398564
2021-01-22,308956904,1,30741151,-0.10843188806974269,0.011830365171690496
2021-01-22,308956904,2,21712978,-0.17259628638413949,0.010765626727583837
2021-01-22,308956904,3,22140522,0.3096747548416562,0.006283425775661119
2021-01-22,308956904,4,12595124,0.01370716074780796,0.0025238655004658317
2021-01-22,308956904,5,19530907,0.1255768318303746,0.001637155817174414
2021-01-22,308956904,6,14806681,-0.06317120542763839,0.002530813473486507
2021-01-22,308956904,7,7946735,-0.19251213781063387,0.0030865218381678082
2021-01-22,308956904,8,10983667,-0.23787710737533485,0.002177995152241382
2021-01-22,308956904,9,19967700,-0.4910503055567021,0.007841672073752186
2021-01-22,308956904,10,16669384,-0.13530488613383243,0.006554407827137169
2021-01-22,308956904,11,10861667,-0.14636943977695732,0.004219585347145768
2021-01-22,308956904,12,5856674,-0.27556574712334875,0.000900441219474938
2021-01-22,308956904,13,8051544,0.009794856116498945,0.0010674264736705965
2021-01-22,308956904,14,6212422,-0.23622735361997688,0.006167521355791143
2021-01-22,308956904,15,8111542,-0.30764624416162556,0.0052449316943947
2021-01-22,308956904,16,9509138,-0.015621415659337438,0.0059631382776190395
2021-01-22,308956904,17,12129978,-0.36513740074373485,0.009184866012967221
2021-01-22,308956904,18,10129078,0.27673716109715796,0.013132430393199883
2021-01-22,308956904,19,7474048,-0.023756931627965074,0.007016887325489218
2021-01-22,308956904,20,6006149,0.11806786634547782,0.003613453445992728
2021-01-22,308956904,21,8118304,-0.13177200754799917,0.006683476291292682
2021-01-22,308956904,22,10796898,-0.19656224994250238,0.0003804030973109044
2021-01-22,308956904,23,12179571,-0.07160170740843434,0.007004194795520162
2021-01-22,308956904,24,14344512,-0.2863890030283956,0.004671074964485871
2021-01-25,337805216,0,3792821,0.9763637523961246,0.010325871750849714
2021-01-25,337805216,1,52226472,-0.11042455591206095,0.031120933597995698
2021-01-25,337805216,2,22142623,0.06854181751936018,0.029819467022737283
2021-01-25,337805216,3,14517864,-0.25146910238246745,0.019477272398137232
2021-01-25,337805216,4,16521770,-0.23931949110371503,0.02196079793535668
2021-01-25,337805216,5,12676250,-0.34487155733782265,0.016877506216805626
2021-01-25,337805216,6,12042832,-0.21538223734022405,0.010178669371256804
2021-01-25,337805216,7,16904345,-0.21031448743117417,0.004647841293148216
2021-01-25,337805216,8,8170885,0.2419789205508682,0.004085563400355456
2021-01-25,337805216,9,5825266,-0.31068330428052515,0.0035548678026273905
2021-01-25,337805216,10,6610737,-0.11253531792390971,0.0014180634997062748
2021-01-25,337805216,11,4867535,0.17750963074318968,0.00675204986378166
2021-01-25,337805216,12,8293871,-0.2946062362619181,0.0024799970597720227
2021-01-25,337805216,13,9161028,0.1744718533140327,0.010496746846772497
2021-01-25,337805216,14,19805669,-0.14564202849523053,0.004304456214409377
2021-01-25,337805216,15,21799495,-0.2888181236651034,0.00916281850225291
2021-01-25,337805216,16,10544252,0.24716406624682483,0.005288604479597539
2021-01-25,337805216,17,10216411,-0.18473835292165963,0.002655481365949863
2021-01-25,337805216,18,7377805,-0.06601659296163269,0.005310432578391542
2021-01-25,337805216,19,5459173,0.034614260688653475,0.0031852151726894174
2021-01-25,337805216,20,8023240,0.08833647149854575,0.0015883656328732768
2021-01-25,337805216,21,20681130,0.063867185821746,0.016557610769785958
2021-01-25,337805216,22,13448543,-0.27547469138234193,0.019634309306182502
2021-01-25,337805216,23,15024594,0.31980752221631403,0.008976884034873976
2021-01-25,337805216,24,11670605,-0.06424539495234283,0.009692398167453273
2021-01-26,405743235,0,2148000,-0.9979809604571106,0.015106313514286639
2021-01-26,405743235,1,40899626,-0.15021720318705575,0.0042593076654446355
2021-01-26,405743235,2,17538252,0.1902012377940576,0.003996274202112153
2021-01-26,405743235,3,25284045,0.22135408169861356,0.0075724787128501414
2021-01-26,405743235,4,22278478,-0.18172474668121524,0.01550140437826107
2021-01-26,405743235,5,10297111,0.3993026266777805,0.010155706850319052
2021-01-26,405743235,6,21062348,-0.18054938723226346,0.002021521099065302
2021-01-26,405743235,7,18296483,0.2929106539597502,0.005604999319270563
2021-01-26,405743235,8,24385461,0.13125000180846186,0.005580423446892388
2021-01-26,405743235,9,14059250,0.14396644597580824,0.0033782988389502553
2021-01-26,405743235,10,10454662,-0.391457246751624,0.0016892239933065897
2021-01-26,405743235,11,10648462,-0.01883185182832196,0.0020667908511924123
2021-01-26,405743235,12,36532395,-0.10810626574157146,0.003792587262585167
2021-01-26,405743235,13,17324621,-0.05562944864941632,0.004717230659433691
2021-01-26,405743235,14,8800183,-0.0970160982092986,0.0015197920849939267
2021-01-26,405743235,15,10216574,-0.14194618617255542,0.0011411596525398718
2021-01-26,405743235,16,11779486,-0.507446531230328,0.0024721208516227952
2021-01-26,405743235,17,6664769,0.021829908038560452,0.0038039018123610558
2021-01-26,405743235,18,11577103,-0.13898638078745296,0.00018374196850532218
2021-01-26,405743235,19,7875531,-0.00039722433030974554,0.0022901747432596256
2021-01-26,405743235,20,16670661,-0.32967349417401,0.0019127029956594697
2021-01-26,405743235,21,10749573,-0.07326478711935487,0.0022959577035337403
2021-01-26,405743235,22,9803537,-0.06980291311084563,0.0022903785862326068
2021-01-26,405743235,23,14156229,-0.20352638232296075,0.008990206991833807
2021-01-26,405743235,24,26240395,-0.00468370712838629,0.003042730335709265
2021-01-27,254350808,0,1966348,-0.21120363361090083,0.012481577199932557
2021-01-27,254350808,1,49519240,0.057402738832298524,6.474381665810411e-05
2021-01-27,254350808,2,26522818,-0.05419707579120005,0.015884981588721536
2021-01-27,254350808,3,23060247,0.16077918049456064,0.006231668899119518
2021-01-27,254350808,4,15551687,0.15686252236037984,0.002662640129750239
2021-01-27,254350808,5,17272778,-0.06093054989488459,0.0013263979386563558
2021-01-27,254350808,6,8560467,-0.10525454060765004,0.004954858139131277
2021-01-27,254350808,7,11367435,-0.15909005255204922,1.654686614564808e-05
2021-01-27,254350808,8,6850588,0.28771466502290066,0.005685366299878371
2021-01-27,254350808,9,4779911,-0.1365659941506909,0.0032210396696998986
2021-01-27,254350808,10,6435230,-0.22054605517274212,0.0064641181394537355
2021-01-27,254350808,11,4054399,-0.5059216930565177,0.008184457245508564
2021-01-27,254350808,12,7412039,-0.4513007770136982,0.002858592121248695
2021-01-27,254350808,13,6093494,0.06938167459798517,0.0019007746177623764
2021-01-27,254350808,14,5525772,-0.1193501403654471,0.0011311790224262537
2021-01-27,254350808,15,6813917,0.030114976517358873,0.003976998984785596
2021-01-27,254350808,16,4098151,-0.4288925785503463,0.0003812766668135669
2021-01-27,254350808,17,4180711,0.2057775492412311,0.0013267816418840344
2021-01-27,254350808,18,3855942,-0.17180774557457174,0.0007590546210677547
2021-01-27,254350808,19,4261286,0.3341967917182667,0.0018982228159209644
2021-01-27,254350808,20,6975831,-0.17366018651249399,0.0003833840914111565
2021-01-27,254350808,21,6164578,-0.41285282381689936,0.000577254281082004
2021-01-27,254350808,22,7209178,-0.006008087740648897,0.004388699038950197
2021-01-27,254350808,23,6124269,0.15043105552885833,0.0013373272519367418
2021-01-27,254350808,24,9694492,0.24484909154692971,0.00037934518362352373
2021-01-28,270889635,0,3584997,-0.382099581230196,0.012442798439438681
2021-01-28,270889635,1,40335966,-0.25077803195187565,0.010915398270695799
2021-01-28,270889635,2,20303626,-0.10912542499122974,2.1114601437464757e-07
2021-01-28,270889635,3,13808508,0.14970161459804263,0.0034901888650111356
2021-01-28,270889635,4,13269095,-0.016682439404691548,0.010647017547390388
2021-01-28,270889635,5,8223831,0.27843176033686834,0.013152024860566876
2021-01-28,270889635,6,6753865,-0.10557661144301808,0.0073523329697150475
2021-01-28,270889635,7,10948332,0.23519684549175673,0.006032543399366576
2021-01-28,270889635,8,5910484,0.20317928975277696,0.006428299708012508
2021-01-28,270889635,9,8313462,-0.2637366626674902,0.002135108440716293
2021-01-28,270889635,10,4228810,-0.040831254261102325,0.00486113317028026
2021-01-28,270889635,11,4766604,0.1529220472059109,0.0015627011432857432
2021-01-28,270889635,12,3677749,0.45468685895522487,0.0035077696332672667
2021-01-28,270889635,13,6010992,-0.3598928104804699,0.00252872135891575
2021-01-28,270889635,14,13110135,-0.09903959230438712,0.008443281581904985
2021-01-28,270889635,15,19977252,-0.18536404121101488,0.018276297784796308
2021-01-28,270889635,16,11445608,0.1394953300115999,0.0007140827816556855
2021-01-28,270889635,17,5048306,0.17497179690871653,0.006393725595607376
2021-01-28,270889635,18,5505740,-0.10041299043334934,0.00019455401617625765
2021-01-28,270889635,19,5411516,-0.09900084666242098,0.004455092379921837
2021-01-28,270889635,20,6360528,0.2655095233345666,0.0100768673232177
2021-01-28,270889635,21,11074326,-0.11666684069393438,0.0026979886514717968
2021-01-28,270889635,22,14135407,0.365477811402709,0.007595941691589445
2021-01-28,270889635,23,9630451,0.2019675745660097,0.007198312981396914
2021-01-28,270889635,24,19054045,-0.04247595932705199,0.0003983814403235606
2021-01-29,391076685,0,2499200,-0.3726775082910457,0.012432640950986031
2021-01-29,391076685,1,35393806,-0.0070803886146306215,0.007201503100216903
2021-01-29,391076685,2,14057781,0.3387613823437594,0.002117008304278197
2021-01-29,391076685,3,12760015,-0.11515668075905225,0.004040279904424323
2021-01-29,391076685,4,13351563,-0.3026595358364666,0.0006010649878903945
2021-01-29,391076685,5,13863331,-0.3415597930349252,0.008128746172642157
2021-01-29,391076685,6,9704530,-0.3124854745956626,0.00445074373568529
2021-01-29,391076685,7,9329686,0.2853152109739804,0.0048510002119583175
2021-01-29,391076685,8,10974206,0.22570306561056322,0.005235643727638962
2021-01-29,391076685,9,8349403,0.11845552982704528,0.0005840907877647536
2021-01-29,391076685,10,23136563,-0.18384451946046695,0.015736202355027203
2021-01-29,391076685,11,14706157,-0.06121176103026895,0.021288935123574684
2021-01-29,391076685,12,5918663,-0.10105351688342852,0.007917268650149101
2021-01-29,391076685,13,6516382,0.030726568576655292,0.0029634294874233687
2021-01-29,391076685,14,6233779,-0.21578102901444768,0.0065404545645861125
2021-01-29,391076685,15,19234223,-0.43082634257580765,0.0003572544783062902
2021-01-29,391076685,16,17098124,-0.2149753929403169,0.002784336855647993
2021-01-29,391076685,17,28682630,0.020803438840464556,0.000798953549147455
2021-01-29,391076685,18,11329007,-0.08790345224298884,0.0006024965125623217
2021-01-29,391076685,19,14277728,-0.19474767150569605,0.004872461155263837
2021-01-29,391076685,20,20744613,-0.2446613352608584,0.003842068323274226
2021-01-29,391076685,21,22846469,-0.2082276777254491,0.009284296502622654
2021-01-29,391076685,22,33369222,0.22806817226244983,0.02570476863556825
2021-01-29,391076685,23,22073145,-0.1452212893555621,0.005890700849447721
2021-01-29,391076685,24,14626459,0.2124227097975367,0.00869120312859952
2021-02-01,242799686,0,2698040,0.5336496760038778,0.01018006106681648
2021-02-01,242799686,1,35600576,0.0149621935961166,0.0006424604919905275
2021-02-01,242799686,2,22185974,-0.21162026735394263,0.010816805769778157
2021-02-01,242799686,3,13444244,-0.21547156311110338,0.00411399887802684
2021-02-01,242799686,4,12106384,-0.28593274510149114,0.009984139042559901
2021-02-01,242799686,5,23019610,-0.053618797026364275,0.00043200137758481443
2021-02-01,242799686,6,11288589,0.4804393034749241,0.010096074775209919
2021-02-01,242799686,7,8429040,-0.2765325442332103,0.0023163047684873848
2021-02-01,242799686,8,4671027,-0.0743246717530394,0.0031231267271301147
2021-02-01,242799686,9,7032524,-0.011276988375444448,0.001759215582112968
2021-02-01,242799686,10,4305390,-0.11711054653767448,0.0027365039211858385
2021-02-01,242799686,11,4353584,-0.03606042123705597,0.00039314748091045067
2021-02-01,242799686,12,4207712,0.2207126258949315,0.0023291893809768696
2021-02-01,242799686,13,4004921,0.3006514685451148,0.004858461135459846
2021-02-01,242799686,14,6654431,-0.22771736524833314,0.004654525146318012
2021-02-01,242799686,15,8514069,-0.036333034832126736,0.002908923160238818
2021-02-01,242799686,16,3914760,0.4682674745256372,0.002128595688250972
2021-02-01,242799686,17,5120409,0.10324055806260193,0.0009762697736738826
2021-02-01,242799686,18,4132600,-0.010316574934028145,0.0025235972502879642
2021-02-01,242799686,19,5293121,-0.02146245224376331,0.0003891081500328292
2021-02-01,242799686,20,6826460,-0.27859497480620204,0.005466394894160614
2021-02-01,242799686,21,5564074,-0.17848000629537528,0.008790764880324566
2021-02-01,242799686,22,11397061,-0.28446986848335454,0.008607453164606142
2021-02-01,242799686,23,10872516,-0.2783663684983596,0.0043024180928475765
2021-02-01,242799686,24,17162570,-0.16197130490543868,0.0007887377054012545
2021-02-02,246090799,0,988512,0.04175222450376454,0.0076579472054463275
2021-02-02,246090799,1,21326275,0.09872313732184272,0.0016034096416379286
2021-02-02,246090799,2,16318754,-0.09164736189737992,0.011503986159489197
2021-02-02,246090799,3,11362974,0.2733424670753681,0.006043158287608673
2021-02-02,246090799,4,11800632,0.12809482956279283,0.0009852326023992715
2021-02-02,246090799,5,7060958,-0.08806418212623204,0.0019663716264508484
2021-02-02,246090799,6,11224377,-0.11621744111404614,0.0057335968146633425
2021-02-02,246090799,7,8024071,-0.3577466074389505,0.012844227718242769
2021-02-02,246090799,8,5388482,-0.09832061995278414,0.006128674376953573
2021-02-02,246090799,9,6053044,0.5071830390572006,1.3617484978828149e-06
2021-02-02,246090799,10,4154792,-0.5510972704564685,0.0033363108309515783
2021-02-02,246090799,11,3748856,0.030093374017764865,0.0007808673368441532
2021-02-02,246090799,12,6256673,-0.16949781063132036,0.0035428621800286846
2021-02-02,246090799,13,6111232,-0.29051613066272275,0.0011694593758025222
2021-02-02,246090799,14,7997998,0.182377897167995,0.0019645003046006248
2021-02-02,246090799,15,6193454,-0.5938776696768777,0.0011671513254006998
2021-02-02,246090799,16,4686754,-0.1568200126947301,0.006048904990386087
2021-02-02,246090799,17,3922372,-0.09228981082878017,0.004100096458584719
2021-02-02,246090799,18,6380102,-0.07803280464320485,0.0011717840226383876
2021-02-02,246090799,19,6275716,-0.16777377354705905,0.0029306222168224167
2021-02-02,246090799,20,32902735,-0.12976119134649908,0.011270869100931684
2021-02-02,246090799,21,20012063,0.01550518686903658,0.011254444631732722
2021-02-02,246090799,22,10500488,0.1247168992143783,0.0025093407209287053
2021-02-02,246090799,23,12830241,0.1531543757748956,0.0005755716567179674
2021-02-02,246090799,24,14569244,0.07988651480202716,0.0003795348523208607
2021-02-03,261075247,0,1386712,0.9984559482022091,0.00885968250505188
2021-02-03,261075247,1,31070778,0.2167600126651479,0.0014351583754510689
2021-02-03,261075247,2,16583226,-0.06757177559898571,0.00818149204667002
2021-02-03,261075247,3,22347935,-0.20136921847969366,0.004915262258058768
2021-02-03,261075247,4,24885205,-0.009829285601075493,0.003928096411301767
2021-02-03,261075247,5,11753422,0.14183520520211487,0.002578085981112215
2021-02-03,261075247,6,11502596,0.051711069785871845,0.005746152082733304
2021-02-03,261075247,7,10598225,-0.21633682643301358,0.006748661109210065
2021-02-03,261075247,8,20405774,-0.10012816547159127,0.0024402923585106315
2021-02-03,261075247,9,16948363,-0.1452984251486014,0.012819647965658989
2021-02-03,261075247,10,6476824,-0.21966565138674973,0.0024268733019825336
2021-02-03,261075247,11,6259434,0.031114296637434865,0.002392290717823242
2021-02-03,261075247,12,3763119,0.013079922691960632,0.00019665045728029174
2021-02-03,261075247,13,5780409,0.3503674886852849,0.0001997053730854078
2021-02-03,261075247,14,4360571,-0.09363132256952678,0.005552010799668844
2021-02-03,261075247,15,3677040,-0.2008807407277947,0.007541603499653446
2021-02-03,261075247,16,6855646,-0.3738595669654283,0.007352428955052493
2021-02-03,261075247,17,5009908,0.28410020606852154,0.008152130333585686
2021-02-03,261075247,18,4161856,-0.029721753782364694,0.002391602765125527
2021-02-03,261075247,19,5018598,-0.1173458887459519,0.0003979681006740558
2021-02-03,261075247,20,4991105,-0.5542301734312933,0.0005905872594467916
2021-02-03,261075247,21,4509903,-0.07937304300208234,0.005535538739206442
2021-02-03,261075247,22,8216396,0.040114582605609427,0.0009743717943687146
2021-02-03,261075247,23,10661871,0.31964402536211123,0.001585809127146021
2021-02-03,261075247,24,13850331,-0.08088425975962961,0.00020276211347298884
2021-02-04,216517815,0,2212064,-0.6445575140832274,0.008271611888857198
2021-02-04,216517815,1,32449936,-0.31033134502851584,0.006617104630182518
2021-02-04,216517815,2,11508586,0.030513372431351774,0.009339980910306123
2021-02-04,216517815,3,10275793,-0.06069680983991275,0.01217408001964648
2021-02-04,216517815,4,8919231,-0.3089570389344302,0.01156772859087773
2021-02-04,216517815,5,14944203,-0.2190724935551517,0.005753017119654987
2021-02-04,216517815,6,6889028,-0.15651092436721592,0.013625949700580769
2021-02-04,216517815,7,5745686,-0.08538813177169802,0.003221335205772265
2021-02-04,216517815,8,8949392,0.11318322720302408,0.006418252727686374
2021-02-04,216517815,9,4830364,-0.4520261443907735,0.0026164783654423346
2021-02-04,216517815,10,5046663,-0.05351541774349388,0.004427368547068087
2021-02-04,216517815,11,3430889,0.42464655220383435,0.006239695230851212
2021-02-04,216517815,12,8424194,0.190748523572824,0.0004245871273585679
2021-02-04,216517815,13,6134993,-0.37023991099197,0.0036425688552147828
2021-02-04,216517815,14,5659464,-0.23617087606158652,0.003851009823814983
2021-02-04,216517815,15,5039134,-0.10585898425734405,0.003040683516664566
2021-02-04,216517815,16,5674066,-0.163791665815855,0.0022173545586018878
2021-02-04,216517815,17,5382871,-0.37716523493604154,0.002420276822520884
2021-02-04,216517815,18,5639330,0.15966678208125423,0.0010050698152686557
2021-02-04,216517815,19,5182740,0.047096222083899825,0.0028152139027396855
2021-02-04,216517815,20,6579499,-0.40043985554292305,0.007024285222468019
2021-02-04,216517815,21,12816424,-0.1006260966367797,0.003220958692273977
2021-02-04,216517815,22,12303012,-0.2599307504068248,0.004348305570747736
2021-02-04,216517815,23,10997435,-0.05391644575668561,0.009311060932119645
2021-02-04,216517815,24,11482818,0.4410433387718863,0.003000765697951191
2021-02-05,188724905,0,1168690,0.5628415300546448,0.013714187973647115
2021-02-05,188724905,1,17400006,0.16967243846254734,0.01869221905883701
2021-02-05,188724905,2,8873454,0.15378006492800553,0.01394850986211221
2021-02-05,188724905,3,6650365,0.08192739049376338,0.003201394404227216
2021-02-05,188724905,4,9698082,-0.08130360286883496,0.0055677986977390945
2021-02-05,188724905,5,9026412,0.09731653800053554,0.006955643659821906
2021-02-05,188724905,6,21416293,-0.08866509822294788,0.0047536122800843055
2021-02-05,188724905,7,6188890,-0.01313384015729081,0.0027734678715145124
2021-02-05,188724905,8,6739180,-0.21333705103754405,0.0005908131237572046
2021-02-05,188724905,9,4163233,0.055832156718024585,0.0017744214112695705
2021-02-05,188724905,10,11763290,-0.2464029240463333,0.008824971266387626
2021-02-05,188724905,11,11012070,0.1906124335155949,0.012534573994586625
2021-02-05,188724905,12,5546758,0.22530648185067623,0.0021406058774949954
2021-02-05,188724905,13,4924528,0.02134673642760194,0.00198233201989223
2021-02-05,188724905,14,6405537,-0.20889329632068948,0.004142637711621617
2021-02-05,188724905,15,5005509,0.046767411536630034,0.0019812475309401627
2021-02-05,188724905,16,2393161,0.12715245232805536,0.0025762048913971353
2021-02-05,188724905,17,4315353,0.341891746149565,0.0037528341982647462
2021-02-05,188724905,18,2674853,0.11562778706231415,0.005530904128965905
2021-02-05,188724905,19,5804558,0.12394913283253062,0.0025632182553400286
2021-02-05,188724905,20,3703365,-0.17331311122297238,0.003550054268497302
2021-02-05,188724905,21,5169549,-0.11568842614847383,0.002388849538582611
2021-02-05,188724905,22,6424266,0.5512750617882,0.0035638538447235607
2021-02-05,188724905,23,11384763,-0.11218665775060827,0.001598481723549999
2021-02-05,188724905,24,10872740,-0.17765246663665857,0.0025934260008105094
2021-02-08,208244339,0,890637,0.8149429407400616,0.004978944533872233
2021-02-08,208244339,1,17026821,-0.07889865804835591,0.012962171088179679
2021-02-08,208244339,2,15023187,0.042535774733796654,0.007782486515716901
2021-02-08,208244339,3,17962888,0.2646372728343555,0.008282219400364669
2021-02-08,208244339,4,27454607,-0.1639128742759403,0.007262757615566012
2021-02-08,208244339,5,6975023,0.060569779403491286,0.00020603334341415488
2021-02-08,208244339,6,6310028,0.015508911914196318,0.006506777077611204
2021-02-08,208244339,7,7909912,0.1188425478825112,0.0021718989086521694
2021-02-08,208244339,8,6372197,0.4176055284750732,0.004452014263338395
2021-02-08,208244339,9,8931546,-0.4176805263919212,0.00020992396723761857
2021-02-08,208244339,10,6120110,-0.20557690658033814,0.0008026210265577515
2021-02-08,208244339,11,9516272,-0.4919300277529204,0.002169077735059638
2021-02-08,208244339,12,14658667,-0.005207774633550638,0.002183526284560808
2021-02-08,208244339,13,4087321,0.1944289478044826,0.0011832756984010014
2021-02-08,208244339,14,4865532,-0.28698452144023007,0.006315749578602156
2021-02-08,208244339,15,3648451,0.08935005060835392,0.01027037693775145
2021-02-08,208244339,16,3998337,-0.3236484927730517,0.0041509630085971045
2021-02-08,208244339,17,5925134,-0.3162260430606735,0.000787643329952541
2021-02-08,208244339,18,4075936,-0.5300842557356314,0.001967794003650751
2021-02-08,208244339,19,6232649,0.21475164141548564,0.0011810260761660608
2021-02-08,208244339,20,3511989,0.012108110774677926,0.0011790572730866178
2021-02-08,208244339,21,5314869,-0.2824166275018798,0.0015722220211563968
2021-02-08,208244339,22,6356789,0.29595269128709795,0.0025560913620027038
2021-02-08,208244339,23,5284208,0.20379103912339522,0.00039936302991671284
2021-02-08,208244339,24,9791229,-0.2556796012331391,0.002958965776279583
2021-02-09,345134577,0,1174300,-0.8555475304183566,0.0005923544954343018
2021-02-09,345134577,1,14678418,-0.01723559309538142,0.003162080549865174
2021-02-09,345134577,2,11524454,-0.11892469247928045,0.008489112476537096
2021-02-09,345134577,3,8759394,-0.182910310409945,0.009663473291347355
2021-02-09,345134577,4,8076155,-0.04795163308893112,0.00690131284142665
2021-02-09,345134577,5,18033639,-0.1416133964000671,0.007015488499231232
2021-02-09,345134577,6,33514891,-0.11930963901274817,0.003012853760259448
2021-02-09,345134577,7,14143820,0.15800294391349515,0.01255918060021271
2021-02-09,345134577,8,9210261,0.0015785251009707215,0.009276745140505832
2021-02-09,345134577,9,8647524,0.13674176873325491,0.0036753526545858428
2021-02-09,345134577,10,15696440,-0.027531891141343072,0.005960637992192766
2021-02-09,345134577,11,32920813,-0.060732739069369504,0.006569809040374163
2021-02-09,345134577,12,24500541,0.08032029039719038,0.00652838745243321
2021-02-09,345134577,13,17773895,-0.06584111811561216,0.006369130189508264
2021-02-09,345134577,14,12858780,-0.36097718725329353,0.00409981768674406
2021-02-09,345134577,15,20273970,0.01807907019553423,0.0055868919218158555
2021-02-09,345134577,16,9660522,0.23973822134950418,0.004280129481861994
2021-02-09,345134577,17,9058561,-0.2771244550891716,0.003348574521380553
2021-02-09,345134577,18,9649057,-0.031000330807990105,0.004271921393705713
2021-02-09,345134577,19,8251971,0.026408889862658918,0.005011268157825241
2021-02-09,345134577,20,6963292,0.17000968674656852,0.0001813243482378619
2021-02-09,345134577,21,8383804,-0.340395214642246,0.005757740878253113
2021-02-09,345134577,22,16008814,-0.3725855406478727,0.0011285960396272658
2021-02-09,345134577,23,10276749,0.1634292176139518,0.005911037079427252
2021-02-09,345134577,24,15094512,-0.00616412888264436,0.0020293798595941125
2021-02-10,241033149,0,2423942,0.028182701652089408,0.003700923592766882
2021-02-10,241033149,1,24627769,-0.09203097746804927,0.005178968778453811
2021-02-10,241033149,2,18718116,0.40752645755823547,0.005044995178336729
2021-02-10,241033149,3,14429012,0.17114781676584523,0.014527757041445417
2021-02-10,241033149,4,10063103,-0.018348731826575013,0.0044884403715602485
2021-02-10,241033149,5,7931712,-0.007023740060995648,0.005365648638621516
2021-02-10,241033149,6,6114988,-0.33912345047758446,0.0031462092028563165
2021-02-10,241033149,7,6074686,0.040624910822950666,0.0011122890090638268
2021-02-10,241033149,8,7710123,0.2503046130887324,0.0003705035467621182
2021-02-10,241033149,9,5080980,0.035573679422942456,0.0013012196510576298
2021-02-10,241033149,10,9421411,0.204298846062114,0.004271967135337745
2021-02-10,241033149,11,4567387,-0.10742117733746694,0.0016735215318356908
2021-02-10,241033149,12,6699889,-0.008027473469824029,0.0009225075524083409
2021-02-10,241033149,13,10670990,-0.0329061122968468,0.002587524858992155
2021-02-10,241033149,14,6224704,-0.3715504158795149,0.0036897719281103704
2021-02-10,241033149,15,12886277,-0.09770097841962927,0.0001955704965194659
2021-02-10,241033149,16,10339780,0.2673577905622071,0.005510645610253208
2021-02-10,241033149,17,6875236,0.14340156927916636,0.002202967525494389
2021-02-10,241033149,18,5967615,0.02263449288814442,0.0009206400698254459
2021-02-10,241033149,19,8508246,-0.02043916340987104,0.004430005928512558
2021-02-10,241033149,20,5370187,-0.3302919155611718,0.007570943135739315
2021-02-10,241033149,21,6968220,0.19878922254058007,0.003325007646713877
2021-02-10,241033149,22,12180737,-0.13621492971826046,0.0042225936670491305
2021-02-10,241033149,23,14623130,0.018336143061443856,0.0071578429280387545
2021-02-10,241033149,24,16554909,0.08513138059257389,0.0029347705956584646
2021-02-18,300881622,0,6272075,0.9944339528873869,0.025256450689157613
2021-02-18,300881622,1,55659724,0.1357368539895493,0.03399831542467012
2021-02-18,300881622,2,27062755,-0.1416302394429332,0.0031986172321115773
2021-02-18,300881622,3,19232808,-0.11839075863482336,0.019014770295028398
2021-02-18,300881622,4,14781043,0.1221794643171878,0.014516048025558531
2021-02-18,300881622,5,10524761,0.253941618441644,0.00871560099101133
2021-02-18,300881622,6,22035104,-0.09042169647020858,0.014870684115901362
2021-02-18,300881622,7,13921603,-0.04349987315027889,0.019875807129646386
2021-02-18,300881622,8,6553329,-0.22043080784212404,0.004993768212218771
2021-02-18,300881622,9,8275697,0.12525811746664442,0.003830510690026636
2021-02-18,300881622,10,12407274,-0.12755258437479228,0.004207947350274155
2021-02-18,300881622,11,4667327,-0.21496820307913558,0.006199615856176777
2021-02-18,300881622,12,6405656,-0.1662841942826903,0.0033647370686122
2021-02-18,300881622,13,10782991,0.22495142283341285,0.009953710244283698
2021-02-18,300881622,14,3901030,-0.007963923494900056,0.000926331343129188
2021-02-18,300881622,15,4992236,0.525023983011948,0.0029473833227975023
2021-02-18,300881622,16,4205035,-0.12092171439536113,0.004421778076678658
2021-02-18,300881622,17,3625641,-0.4543565704488497,0.0009234714453198213
2021-02-18,300881622,18,5397185,0.08251246483459168,0.0009307140889015943
2021-02-18,300881622,19,9535178,-0.09575072963819713,0.002993716562193717
2021-02-18,300881622,20,14044273,0.03293214681578889,0.005394040660525507
2021-02-18,300881622,21,8722497,-0.17176153525722637,0.0009342636854240284
2021-02-18,300881622,22,6228524,-0.16450098372693867,0.0013079988315202807
2021-02-18,300881622,23,8123400,-0.10645892701701624,0.0014996930321631565
2021-02-18,300881622,24,13524476,-0.06426286347317062,0.0007450771391964708
2021-02-19,273852688,0,2043800,-0.9732097010649143,0.010248551585983992
2021-02-19,273852688,1,21088277,0.48182631288592703,0.018975776591210716
2021-02-19,273852688,2,12391796,-0.015244098495898596,0.013877180227401954
2021-02-19,273852688,3,19271517,-0.30434665662174865,0.003398330030145381
2021-02-19,273852688,4,21265405,-0.1080914828811633,0.0011723355023751827
2021-02-19,273852688,5,21775927,0.20423628114427209,0.004619060826428074
2021-02-19,273852688,6,12690133,-0.0317775609896493,0.000965386310907987
2021-02-19,273852688,7,8014383,0.093037020905192,0.0032964818812942424
2021-02-19,273852688,8,12612646,0.2093804222069862,0.000610115939345643
2021-02-19,273852688,9,27532568,-0.307779532666689,0.0005593184728104566
2021-02-19,273852688,10,10705750,-0.5066982768947137,0.005299146146981025
2021-02-19,273852688,11,8180817,-0.2862926766720123,0.005661951374080342
2021-02-19,273852688,12,4820633,-0.26617702932217957,0.00976539261018475
2021-02-19,273852688,13,5614059,-0.15650106081501733,0.0033145055994787233
2021-02-19,273852688,14,6798433,-0.032400270476403786,0.005248436152939805
2021-02-19,273852688,15,9226839,-0.1932724301705901,0.003898066472543529
2021-02-19,273852688,16,4810726,0.03855908344046367,0.0009685562192375254
2021-02-19,273852688,17,6952525,-0.09718817109667756,0.0011584530100422331
2021-02-19,273852688,18,7992653,0.02123138925055355,0.0023143796330147223
2021-02-19,273852688,19,6748637,-0.3006312331769945,0.006177519366388024
2021-02-19,273852688,20,7823642,-0.0006155223589042507,0.008305847431154742
2021-02-19,273852688,21,7838969,0.0397074784972905,0.0030941839747393343
2021-02-19,273852688,22,9554177,0.3739799143270829,0.0040468831661499925
2021-02-19,273852688,23,6186206,-0.429474699154271,0.0032776123269609926
2021-02-19,273852688,24,11912170,-0.2446647858972771,0.0038513008875571725
2021-02-22,438635087,0,2071100,-0.976427537126629,0.004044473073210377
2021-02-22,438635087,1,40552553,-0.024749995500316795,0.022635593535265768
2021-02-22,438635087,2,41213247,-0.2559006703981536,0.01465912112303595
2021-02-22,438635087,3,19001595,-0.16893480211556516,0.011776518000390345
2021-02-22,438635087,4,13900464,0.28260487507214027,2.03126208835883e-05
2021-02-22,438635087,5,14284653,0.08695973822823976,0.0008099395166480534
2021-02-22,438635087,6,12861608,0.3865007571689288,0.004354145023634016
2021-02-22,438635087,7,10420280,0.2415295817785502,0.0029841962130598637
2021-02-22,438635087,8,14188283,-0.10338455639817098,0.00037358359364203633
2021-02-22,438635087,9,16478671,0.26762312582552444,0.00038009631931592777
2021-02-22,438635087,10,10391121,0.15333177414990135,0.004620852935637241
2021-02-22,438635087,11,18715483,-0.03168279640007838,0.00020222620226116372
2021-02-22,438635087,12,13859400,0.17815137732344002,0.004427890387451693
2021-02-22,438635087,13,10423505,0.06848860717248124,0.002209715433828277
2021-02-22,438635087,14,19659074,-0.1705006140129816,0.0036602919313636116
2021-02-22,438635087,15,11987801,0.0810986249694289,0.010149416049435957
2021-02-22,438635087,16,9975780,-0.08866168320485761,0.009131556680953378
2021-02-22,438635087,17,10463540,-0.2506704253114912,0.002835241474446827
2021-02-22,438635087,18,13850827,0.03914042198780233,0.001221607181788572
2021-02-22,438635087,19,19632098,-0.24629661386017404,0.005934370428000803
2021-02-22,438635087,20,24668885,-0.18092554576789907,0.00046482963675594516
2021-02-22,438635087,21,18504786,0.31253958577211877,0.004322526674365994
2021-02-22,438635087,22,16186861,-0.18341156588558716,0.012399583458270087
2021-02-22,438635087,23,11635410,-0.30513671132217435,0.01856914674536791
2021-02-22,438635087,24,43708062,-0.232127329947113,0.0011472018753442502
2021-02-23,217506418,0,3970400,-0.8971423460489245,0.0074996832085285165
2021-02-23,217506418,1,41852618,0.12916070994254322,0.01172791850313564
2021-02-23,217506418,2,19308884,-0.024807290011594558,0.007759317828627025
2021-02-23,217506418,3,10629389,0.31201703777071016,0.0018676952536716704
2021-02-23,217506418,4,9162929,-0.21250858839521425,0.006030415303523286
2021-02-23,217506418,5,10222094,0.3147300480995066,0.001213960258013076
2021-02-23,217506418,6,6896137,-0.4373779794418225,0.008800821576503732
2021-02-23,217506418,7,4840244,-0.024480569208116327,0.0018967293469395409
2021-02-23,217506418,8,5432288,0.23962163621533805,0.006472682907586378
2021-02-23,217506418,9,3437601,-0.21636177605898185,0.0035490767694663465
2021-02-23,217506418,10,4522889,0.053012230616681366,0.002095194004825842
2021-02-23,217506418,11,8311999,-0.14797131239867412,0.009040337489962327
2021-02-23,217506418,12,5366110,-0.13837567438408974,0.009053044769080679
2021-02-23,217506418,13,5954714,-0.3112921840521812,0.0025200438485732907
2021-02-23,217506418,14,4933010,0.5160986858913194,0.001694138410686028
2021-02-23,217506418,15,8796496,-0.1222475914827095,0.0008261174099197432
2021-02-23,217506418,16,4932160,0.10908474282941419,0.0029228570473860717
2021-02-23,217506418,17,4673800,0.2241590051322444,0.002920270459039322
2021-02-23,217506418,18,5494703,-0.05650196741881423,0.0004302142081995979
2021-02-23,217506418,19,4172851,-0.20846246865543613,0.002512110072781837
2021-02-23,217506418,20,5932643,0.120305406937576,0.0016851531308229577
2021-02-23,217506418,21,6267155,0.230013638401865,0.003158076735250511
2021-02-23,217506418,22,6445836,0.4813650527237925,0.002529397375247439
2021-02-23,217506418,23,13703897,0.06749124333687363,0.004035559973394139
2021-02-23,217506418,24,12245571,-0.5396826886857542,0.012288123205321869
2021-02-24,262734046,0,1080428,0.9497025263702469,0.00635516957626288
2021-02-24,262734046,1,14529210,0.13021406204296945,0.001052649568851315
2021-02-24,262734046,2,11970204,-0.23321172046762897,0.0046376542105104855
2021-02-24,262734046,3,13227529,-0.22391704720226355,1.6178479075384364e-05
2021-02-24,262734046,4,19969692,-0.1559212586981438,0.0015119528362914272
2021-02-24,262734046,5,11148113,0.009101102405390749,0.005757368901576864
2021-02-24,262734046,6,10373950,-0.06162273530709916,0.004889516388544889
2021-02-24,262734046,7,8942939,-0.3975121886335723,0.00871736851141324
2021-02-24,262734046,8,8619470,-0.20201735581087016,0.0004400643527824445
2021-02-24,262734046,9,7686127,-0.06590906975366134,0.00788893886251991
2021-02-24,262734046,10,9172997,0.19755898798690558,2.815565290850988e-05
2021-02-24,262734046,11,7791549,-0.21959997315866886,0.009958945146221426
2021-02-24,262734046,12,4785351,0.24926867734072752,0.0035933286221617464
2021-02-24,262734046,13,10178813,0.3205140724370478,0.0019333972334927968
2021-02-24,262734046,14,16953280,-0.4594435370292201,0.005137159337989906
2021-02-24,262734046,15,5728929,-0.03065636909080376,0.0015002161866070707
2021-02-24,262734046,16,6367188,-0.09430688919839864,0.0036521511758471096
2021-02-24,262734046,17,8735464,0.04173766559948718,0.0010607738330480096
2021-02-24,262734046,18,11289523,-0.4190128978359221,0.0056111095464753255
2021-02-24,262734046,19,7968371,-0.15705312033869445,0.007343153967142625
2021-02-24,262734046,20,24650709,-0.12681275961011612,0.0010607303268212985
2021-02-24,262734046,21,9012909,-0.28007603945692144,0.0032589958777813647
2021-02-24,262734046,22,10876848,-0.2658785437344471,0.004779167382064104
2021-02-24,262734046,23,9322325,-0.4693077032881939,0.006946873896100732
2021-02-24,262734046,24,12352128,-0.17155327675112975,0.004554620410226326
2021-02-25,250458374,0,1882118,0.3417176814118491,0.0053706306305200706
2021-02-25,250458374,1,24765526,-0.138484614374869,0.012269500418112016
2021-02-25,250458374,2,19026681,-0.12520727864923042,0.005482061220987953
2021-02-25,250458374,3,16449268,-0.13448271720633323,0.005380706964701318
2021-02-25,250458374,4,13020386,-0.19674394338460074,0.0065917985033091455
2021-02-25,250458374,5,8441193,-0.11220649983433682,0.005238333514829086
2021-02-25,250458374,6,6551303,-0.4109775252202438,0.010271082351768953
2021-02-25,250458374,7,8554951,0.17631162790965763,0.013905518529740209
2021-02-25,250458374,8,13491901,-0.4435300235263255,0.009557282612522828
2021-02-25,250458374,9,10338584,-0.1968453384410476,0.0027986533135196307
2021-02-25,250458374,10,4071577,0.003223638706006912,0.00043655548598483266
2021-02-25,250458374,11,6265921,-0.08866250972392653,0.0019428326759859441
2021-02-25,250458374,12,4063479,-0.04152630426286234,0.00021627367692304212
2021-02-25,250458374,13,3816050,0.13568063056132398,0.0026004569223659377
2021-02-25,250458374,14,4860614,0.38669598181730996,0.0028480735119752005
2021-02-25,250458374,15,6683298,0.24795164838020697,0.0028182479922113346
2021-02-25,250458374,16,4729244,-0.17705887012393517,0.005041747992157158
2021-02-25,250458374,17,3323503,-0.11672378852632821,0.0004278859578646278
2021-02-25,250458374,18,4906282,0.28173080761310587,0.0050224553759320376
2021-02-25,250458374,19,8955137,-0.16225429016200524,0.0024234712593130623
2021-02-25,250458374,20,9746570,-0.1507795097357224,0.005046591806882524
2021-02-25,250458374,21,4954584,0.12255072842082791,0.0006588285784150262
2021-02-25,250458374,22,13590638,-0.2274631554427675,0.007939376126678988
2021-02-25,250458374,23,27008923,-0.34875517283607116,0.005508879286490672
2021-02-25,250458374,24,20960643,-0.34992096489873187,0.0020084905811858502
2021-02-26,261774650,0,5130200,-0.9361001602911233,0.023500841647503892
2021-02-26,261774650,1,42877239,-0.06532047566971484,0.031001807212892415
2021-02-26,261774650,2,25399110,0.004448901956181109,0.007858122184771374
2021-02-26,261774650,3,13577869,0.03523266229674382,0.008546049995911027
2021-02-26,261774650,4,11708850,-0.3015103658120808,0.001405601505206154
2021-02-26,261774650,5,9916020,-0.47360503695604494,0.0036721721491452318
2021-02-26,261774650,6,7478603,-0.36574057653628256,0.0027441987691380716
2021-02-26,261774650,7,7018402,0.0909196924502295,0.00023639001408649784
2021-02-26,261774650,8,5678919,0.29012637130781027,0.00867798637855569
2021-02-26,261774650,9,7300168,-0.15599237171040348,0.0031777512984082486
2021-02-26,261774650,10,5798103,-0.029088256054855648,0.0036825552588457336
2021-02-26,261774650,11,17007518,-0.3923988960043659,0.008341106285434212
2021-02-26,261774650,12,8073432,-0.3137907696940092,0.01090331903621826
2021-02-26,261774650,13,7533830,-0.03365609353474571,0.0023274620955834324
2021-02-26,261774650,14,5809219,0.042600142050129165,0.0034834039161814045
2021-02-26,261774650,15,6207512,0.439797759094544,0.0013896416386969083
2021-02-26,261774650,16,6705894,-0.4865257054398534,0.0025630179015251105
2021-02-26,261774650,17,8975888,0.05829823814216741,0.0025503993891775527
2021-02-26,261774650,18,5382599,-0.13044650250905537,0.0044106851952987235
2021-02-26,261774650,19,8338654,0.07239909826026449,0.008075349944219483
2021-02-26,261774650,20,8691800,0.006729878279818584,0.006921463445039371
2021-02-26,261774650,21,4610200,-0.010092386233025956,0.004367296097601796
2021-02-26,261774650,22,5802581,0.23708782040644522,0.0020617470254827583
2021-02-26,261774650,23,11295374,0.5013004327608678,0.002326265705350822
2021-02-26,261774650,24,15456666,0.10015047613709101,0.003707899466165689
2021-03-01,212831121,0,3941000,-0.96741594691094,0.009711581145659438
2021-03-01,212831121,1,33818932,0.20909829529052137,0.005581418551994352
2021-03-01,212831121,2,15275940,-0.27283340646677817,0.0029798903420262994
2021-03-01,212831121,3,17084997,0.18499867089739763,0.004091927787173176
2021-03-01,212831121,4,13320873,-0.009731833207369762,0.0031918101886930076
2021-03-01,212831121,5,12476618,-0.200209403683818,0.0033971218104128903
2021-03-01,212831121,6,7668131,-0.006864599483798867,0.00022267403735469712
2021-03-01,212831121,7,6312236,0.15738471599596082,0.0036319384586843127
2021-03-01,212831121,8,6385515,-0.12568278185237464,0.00272291614543685
2021-03-01,212831121,9,5920978,0.19058749209653247,0.0015919585259255833
2021-03-01,212831121,10,9634599,-0.02191938165242763,0.0011498470632089798
2021-03-01,212831121,11,5795356,-0.1682821271162146,0.0036506951996900937
2021-03-01,212831121,12,3445574,-0.13702425156632142,0.0006852178031372912
2021-03-01,212831121,13,5477222,0.1850032099903395,0.0004573775070452158
2021-03-01,212831121,14,6123477,-0.22897824871952177,0.004545569947511027
2021-03-01,212831121,15,5686126,-0.30914086820098197,0.005682081794353908
2021-03-01,212831121,16,2893805,-0.16624756935776044,6.545992314655898e-07
2021-03-01,212831121,17,3612897,-0.2746522577542294,0.0022678952707893187
2021-03-01,212831121,18,7123608,-0.1465595821647714,0.0009080727217351048
2021-03-01,212831121,19,3752666,-0.06310118401021445,0.00022536935844434252
2021-03-01,212831121,20,4086920,0.30513785333365095,0.0027147122603185373
2021-03-01,212831121,21,3934933,0.03251503168054251,0.0027158707850181924
2021-03-01,212831121,22,7645350,0.07883879703199738,0.0013534525815073952
2021-03-01,212831121,23,10805519,-0.05290721416433294,0.0031619146896253274
2021-03-01,212831121,24,10607849,0.10743915754918792,0.0013543225841983614
2021-03-02,197805275,0,1326704,0.9599991999839996,0.0018018326845304084
2021-03-02,197805275,1,21946281,0.13303373908122787,0.00044122920962667514
2021-03-02,197805275,2,20030903,-0.09124854726400802,0.006514984798066591
2021-03-02,197805275,3,10079673,0.026734801330570854,2.0753117241013426e-05
2021-03-02,197805275,4,7843030,0.189999177825794,0.004294122327824046
2021-03-02,197805275,5,7061499,-0.10592681910884633,0.0018075902571072153
2021-03-02,197805275,6,4975775,0.06730527683674077,0.003389956852102872
2021-03-02,197805275,7,5502171,0.45387586477330377,0.0029513980886509967
2021-03-02,197805275,8,6132277,-0.3901774656697348,0.010418528717046373
2021-03-02,197805275,9,4510319,-0.22224405297756825,0.013357920276149515
2021-03-02,197805275,10,2993499,-0.049548343338017574,0.00770259879412016
2021-03-02,197805275,11,4090114,-0.22172876795892887,0.002047936554605684
2021-03-02,197805275,12,9510108,-0.3191851028059262,0.00160217336412805
2021-03-02,197805275,13,14546692,0.0888324032700402,0.0004721156361052953
2021-03-02,197805275,14,10537950,0.2771002397356228,0.0004789764333135351
2021-03-02,197805275,15,12931898,-0.17212118023512393,0.0013714754135222718
2021-03-02,197805275,16,8240791,0.11209526982272866,0.005787730349384889
2021-03-02,197805275,17,4951635,-0.07483992443255415,0.003933558286969703
2021-03-02,197805275,18,5604110,0.3524374238771972,0.0009268187738425219
2021-03-02,197805275,19,6494656,-0.16353024842856825,0.0006925942267880306
2021-03-02,197805275,20,4857907,0.1772008016674735,0.002317927544373877
2021-03-02,197805275,21,5199812,-0.2156664335463277,0.002994955990068679
2021-03-02,197805275,22,6403790,0.03931166005770769,0.003465716417062823
2021-03-02,197805275,23,3873791,-0.11368694703776303,0.0016095620036611531
2021-03-02,197805275,24,8159890,0.30004329663112234,0.00045968252090109775
2021-03-03,204762913,0,1575200,-0.997838024819475,0.004131037832475292
2021-03-03,204762913,1,16141508,-0.13126001262023268,0.00024902458428838914
2021-03-03,204762913,2,17486239,-0.17345827588489163,0.0020167277961515117
2021-03-03,204762913,3,17723190,-0.07408030961818912,0.0022891559040939783
2021-03-03,204762913,4,9930697,0.06576573774364396,0.00902105875569021
2021-03-03,204762913,5,8551338,-0.12055314229043348,0.006547215705971376
2021-03-03,204762913,6,6008845,-0.052870480367162416,0.0002271795530539629
2021-03-03,204762913,7,5365434,-0.01597876810332567,0.002028998885841542
2021-03-03,204762913,8,15684763,-0.1359822151343282,0.002229480549408832
2021-03-03,204762913,9,16511356,0.03786601153617952,0.0027042407056109977
2021-03-03,204762913,10,9665799,0.26310349397244404,0.006480978855569329
2021-03-03,204762913,11,5858700,0.10979818758665148,0.005144733734839927
2021-03-03,204762913,12,5215304,-0.14060081777620076,0.00022486772749608346
2021-03-03,204762913,13,6235127,0.349567486325295,0.001343245529865087
2021-03-03,204762913,14,5154930,-0.1379185616580604,0.002461201148014798
2021-03-03,204762913,15,5702544,0.010250198805709997,0.002683801431358356
2021-03-03,204762913,16,5819550,0.040214369881758166,0.0013462946094858052
2021-03-03,204762913,17,3900660,-0.07304605262390844,0.003585679980717661
2021-03-03,204762913,18,3401600,-0.18223279510573712,2.55410721287945e-06
2021-03-03,204762913,19,4668052,0.04645664027476652,2.544426443878003e-06
2021-03-03,204762913,20,3731674,-0.025966017589450392,0.0020097782335403405
2021-03-03,204762913,21,3342911,0.2150304050898786,0.0004463352665230707
2021-03-03,204762913,22,5201255,0.40597894908753474,0.0015625969666446802
2021-03-03,204762913,23,7921492,0.18085858352719034,2.531604134969397e-06
2021-03-03,204762913,24,13964745,0.05194254558492909,0.0004469637884675963
2021-03-04,288852684,0,1636200,-0.9259996427568961,0.012318412266772912
2021-03-04,288852684,1,31390812,0.2757559641480898,0.0007302663433398576
2021-03-04,288852684,2,13516125,-0.24783321854955623,0.011844278228005654
2021-03-04,288852684,3,23173889,-0.3150026772886451,0.006893787352773331
2021-03-04,288852684,4,10761331,0.38199154843013233,0.004823911898123743
2021-03-04,288852684,5,18589681,0.3058888745824864,0.003946998149237621
2021-03-04,288852684,6,14590013,-0.3313023438450141,0.006033832487166478
2021-03-04,288852684,7,17345358,-0.22198069262471065,0.004190115476523795
2021-03-04,288852684,8,7694507,-0.3085435093686293,0.009300345528369601
2021-03-04,288852684,9,4717155,-0.126049767318533,0.010681598963870663
2021-03-04,288852684,10,6926767,-0.31328295827575664,0.0027773970931309665
2021-03-04,288852684,11,8812271,0.012410939829271089,0.0009309369054857526
2021-03-04,288852684,12,20242997,-0.22201114901394606,0.0032808507134923772
2021-03-04,288852684,13,7981081,0.017419730596923144,0.008429035341227837
2021-03-04,288852684,14,4771564,-0.04728021701625604,0.003282082109089595
2021-03-04,288852684,15,6414219,0.40094751410634455,0.004903487677849362
2021-03-04,288852684,16,6023901,0.13745988682069113,0.005842440531680177
2021-03-04,288852684,17,5061832,-0.1640450435154877,0.006085906085969057
2021-03-04,288852684,18,8039127,-0.13653368946961092,0.006559617778654306
2021-03-04,288852684,19,5620618,-0.1726196423970587,0.0016432191694123284
2021-03-04,288852684,20,7048913,-0.1979795483205472,0.00046812682623904953
2021-03-04,288852684,21,8059060,-0.35226504755750865,0.0049181101931038305
2021-03-04,288852684,22,17442954,-0.05062421126494962,0.0009171360757184001
2021-03-04,288852684,23,15907373,-0.2083635650638758,0.00400596590128964
2021-03-04,288852684,24,17084936,0.3071640939591108,0.003294031926352707
2021-03-05,270878860,0,2852700,-0.01723963048811183,0.01895299310257928
2021-03-05,270878860,1,26981778,0.2341123627196066,0.02566261727457772
2021-03-05,270878860,2,16886638,-0.24950324833035814,0.004123489781051344
2021-03-05,270878860,3,21563918,0.05333881458824583,0.011760017103988555
2021-03-05,270878860,4,17774213,0.1060172158169854,0.014319902509713064
2021-03-05,270878860,5,14486784,0.3412890059780139,0.00751525870091617
2021-03-05,270878860,6,12508848,-0.19006494034752822,0.0030270684127030032
2021-03-05,270878860,7,5142960,-0.09560486308509653,0.0016300838664125297
2021-03-05,270878860,8,5452527,0.29836883973074385,0.00023317618717027145
2021-03-05,270878860,9,11403685,0.11921295029690654,0.005576870410235201
2021-03-05,270878860,10,12218161,0.06112911532825351,0.0034944436595989855
2021-03-05,270878860,11,6709917,0.11651087926761197,0.005088619755226025
2021-03-05,270878860,12,4249706,-0.04928534691949496,0.0013816163170942452
2021-03-05,270878860,13,4782032,-0.05602113674425958,0.0013925510281587545
2021-03-05,270878860,14,5113278,0.04013282191665906,0.003267472112917418
2021-03-05,270878860,15,4012054,0.2854306351658051,0.005834727045251119
2021-03-05,270878860,16,3544848,0.09222550609808504,0.0021020530858266205
2021-03-05,270878860,17,4539089,-0.482432781150144,0.0027930521417753526
2021-03-05,270878860,18,15303095,-0.40747929750504663,0.0068966540710084425
2021-03-05,270878860,19,30418895,0.0868418532910929,0.0067172238547529035
2021-03-05,270878860,20,13702065,0.0980309984952862,0.0011494538749968629
2021-03-05,270878860,21,6859026,0.11308775232279383,0.005473797644282643
2021-03-05,270878860,22,9314994,-0.17237744022477425,0.0004790031426113626
2021-03-05,270878860,23,6408711,-0.025635730945308518,0.0048197448235778595
2021-03-05,270878860,24,8648938,-0.43790942721892157,0.002300956932832405
2021-03-08,293246894,0,2120200,0.28536999018120146,0.006432968485033469
2021-03-08,293246894,1,26403678,-0.25949742283969496,0.0018533415215359497
2021-03-08,293246894,2,11531848,-0.2274073917721924,0.005708484975428322
2021-03-08,293246894,3,10722757,0.3021046023251187,1.0657436579892236e-05
2021-03-08,293246894,4,12764097,0.11000781640223152,0.000702738881060615
2021-03-08,293246894,5,14138589,-0.09774491441467283,0.0028054099156404194
2021-03-08,293246894,6,13203720,0.09605187041757303,0.002991482800761482
2021-03-08,293246894,7,11748878,0.08798946019483661,0.0007205094247137985
2021-03-08,293246894,8,10194125,-0.05670968039718354,0.00469301876339441
2021-03-08,293246894,9,11189912,-0.08554849133161296,0.0035309487642931348
2021-03-08,293246894,10,5760038,-0.012344799552101637,0.003297324300796214
2021-03-08,293246894,11,6154838,0.18434632173158982,0.002596937191338994
2021-03-08,293246894,12,11939821,-0.1799888505415962,0.0023824397159604924
2021-03-08,293246894,13,10640320,-0.0020705846189708345,0.005459029417234377
2021-03-08,293246894,14,6086271,0.4037475751357317,0.005201537546543738
2021-03-08,293246894,15,4962660,0.181968710362683,0.012781343910021259
2021-03-08,293246894,16,5912618,0.20470954697810925,0.012313746115977776
2021-03-08,293246894,17,5365300,0.13026835973959439,0.00733881043615522
2021-03-08,293246894,18,5966900,0.40473592354158616,0.004045175995430542
2021-03-08,293246894,19,9494498,-0.27095085885911213,0.006175322814464863
2021-03-08,293246894,20,19219940,0.0854086408692583,0.008864726822571957
2021-03-08,293246894,21,17227807,-0.18315997561920916,0.0013617761336020787
2021-03-08,293246894,22,14195877,0.0472413167640219,0.01018466187782142
2021-03-08,293246894,23,23987250,-0.13355024696242215,0.006316717703569424
2021-03-08,293246894,24,22314952,-0.19614996806306714,0.001973594694259585
2021-03-09,324438682,0,1805000,-0.2131294964028777,0.0014433339077643984
2021-03-09,324438682,1,38740745,0.06453600254241118,0.005243374257114549
2021-03-09,324438682,2,30831582,0.10061600274009008,0.0016332986429734302
2021-03-09,324438682,3,47110568,-0.28882753753568263,0.0034330311073232263
2021-03-09,324438682,4,22798123,0.049167176692822896,0.015530605172022607
2021-03-09,324438682,5,17386639,0.07510055498082284,0.0053809666771720355
2021-03-09,324438682,6,15854842,-0.13557763637277412,0.011055379683848385
2021-03-09,324438682,7,9249602,0.15436430425626532,0.010177690349308073
2021-03-09,324438682,8,8526270,0.16052213231864312,0.0031948219284957703
2021-03-09,324438682,9,5997739,0.049097882670193604,0.011508814402062051
2021-03-09,324438682,10,6776900,-0.16317081894100777,0.010240815744592008
2021-03-09,324438682,11,7796436,-0.13092224322298612,0.01266559072648905
2021-03-09,324438682,12,8826562,0.16321895139976544,0.01090761937023818
2021-03-09,324438682,13,6809391,0.14103586532976253,0.001734956017813857
2021-03-09,324438682,14,5357008,-0.03878930717883056,0.0066758859429325735
2021-03-09,324438682,15,5149758,0.010340783324490543,0.010396357921120643
2021-03-09,324438682,16,4146395,-0.023466520459921106,0.005193454771189274
2021-03-09,324438682,17,4049819,0.34645066497222876,0.0032387316239869193
2021-03-09,324438682,18,4363389,0.09737893735122882,0.006486978447127807
2021-03-09,324438682,19,4285097,-0.25009690292138037,0.004993623983742503
2021-03-09,324438682,20,5746863,-0.13583491965255395,0.00401632541198487
2021-03-09,324438682,21,10083293,0.16168022526346423,0.00027328945249893586
2021-03-09,324438682,22,8507553,-0.24895801810815427,0.0032792572159464585
2021-03-09,324438682,23,23630468,0.0016781765668622346,0.004327199701007368
2021-03-09,324438682,24,20608640,-0.06558464540148345,0.0007341052461042159
2021-03-10,192997176,0,3899400,0.5949977479267679,0.022107705640437514
2021-03-10,192997176,1,30507076,-0.2573126989279242,0.023791924179016592
2021-03-10,192997176,2,13578706,-0.4419566350533,0.006289817621994162
2021-03-10,192997176,3,22072420,0.25365531191071833,0.005532067893072887
2021-03-10,192997176,4,9863256,0.031826228695937965,0.011569302272093292
2021-03-10,192997176,5,9317653,-0.13831787782082908,0.005279394393444362
2021-03-10,192997176,6,6208502,-0.5532036814974345,0.0027760744054359772
2021-03-10,192997176,7,4316360,-0.21817911264201273,0.004288961826038861
2021-03-10,192997176,8,6112110,-0.2123393904844909,0.007052745575676004
2021-03-10,192997176,9,9957670,0.22999585223978983,0.0037815321829220943
2021-03-10,192997176,10,5382947,0.22933404470143914,0.0032590472590900473
2021-03-10,192997176,11,5889049,-0.07464765934427162,0.00024606691009691414
2021-03-10,192997176,12,3327800,0.16511162858144207,0.0017599111194443904
2021-03-10,192997176,13,5657274,-0.0687178993800037,0.003786052849296368
2021-03-10,192997176,14,5220825,-0.18331946615480788,0.003786052849296368
2021-03-10,192997176,15,4272380,0.178541036682117,0.003297723701020422
2021-03-10,192997176,16,4261485,-0.40735372742101034,0.006595447402040844
2021-03-10,192997176,17,3762124,0.18241577336662293,0.003550849453208685
2021-03-10,192997176,18,2852515,-0.08954022363490023,0.0002533977516963644
2021-03-10,192997176,19,8907826,-0.5340147404296278,0.004800451783846362
2021-03-10,192997176,20,4019734,0.4661879234798933,0.007069373268026631
2021-03-10,192997176,21,3746292,-0.13824238622117752,0.0004964954663694799
2021-03-10,192997176,22,4379992,-0.05662200791703398,0.003039415751493994
2021-03-10,192997176,23,5121101,0.049983284189574255,0.002790196453581071
2021-03-10,192997176,24,10362679,0.14521930345279113,0.0015213860026174549
2021-03-11,214494857,0,895851,0.8582885117073014,0.0045649019580094085
2021-03-11,214494857,1,17212174,0.26390261136699755,0.002289105479968612
2021-03-11,214494857,2,12274695,-0.1318990224378615,0.003758810040367297
2021-03-11,214494857,3,13553876,0.06719896443196238,0.00427629417753382
2021-03-11,214494857,4,9230047,-0.1277077091138531,0.0007505989032012607
2021-03-11,214494857,5,14198452,-0.0050475225964163265,0.0022408753941517414
2021-03-11,214494857,6,7887942,0.18087542438275345,0.0034865315202352275
2021-03-11,214494857,7,14034474,-0.044867506090798946,0.007434682578367225
2021-03-11,214494857,8,27720546,0.10208576411111328,0.0017744997211778025
2021-03-11,214494857,9,10185506,-0.032497102854884635,0.005893947083279233
2021-03-11,214494857,10,7327745,0.09054302758045396,0.000738313698295242
2021-03-11,214494857,11,5012811,0.09190620091953669,0.0024553182942958327
2021-03-11,214494857,12,6141186,-0.2693703380071192,0.003935980373236728
2021-03-11,214494857,13,6161118,-0.13129891809481126,0.005906836868787826
2021-03-11,214494857,14,4306486,-0.07445192672900405,0.005169026437194568
2021-03-11,214494857,15,5563100,-0.3248476817558515,0.0005035961690529088
2021-03-11,214494857,16,4610276,-0.2854487964060905,0.004201662329344795
2021-03-11,214494857,17,6407515,-0.1544229808122151,0.0002445198178155773
2021-03-11,214494857,18,3503335,0.0017714454385203812,0.0014813694967992616
2021-03-11,214494857,19,5003070,0.48825747779871,0.004205300231100868
2021-03-11,214494857,20,7214624,-0.0777841458696782,0.00022439298918220808
2021-03-11,214494857,21,6833009,0.12097828108021015,0.004978237140944424
2021-03-11,214494857,22,4433288,0.2392430720615073,0.0009973298990257637
2021-03-11,214494857,23,5161993,-0.19743925137673687,0.003479618598722292
2021-03-11,214494857,24,9621738,0.10940782350931537,0.0014989260398055547
2021-03-12,203871130,0,1383800,-0.98637694979906,0.00048739644308066154
2021-03-12,203871130,1,19267203,-0.08980525439187853,0.005678287690288739
2021-03-12,203871130,2,12601100,-0.35963308043088,0.001971615815668543
2021-03-12,203871130,3,9066384,0.024380146608519476,0.0019919228888615466
2021-03-12,203871130,4,9448137,-0.20300662131220232,0.000235343720842443
2021-03-12,203871130,5,8166985,-0.3167217435719487,0.006737136452608105
2021-03-12,203871130,6,6716753,0.18592413566497443,0.008735687124236132
2021-03-12,203871130,7,9164620,-0.03611181021769149,0.001980469028043823
2021-03-12,203871130,8,10058029,0.01664493548592823,0.00026565933948012783
2021-03-12,203871130,9,6521409,0.3530908724234579,0.005046355280581991
2021-03-12,203871130,10,4310674,-0.1605186382704825,0.0020051342191578555
2021-03-12,203871130,11,3963116,-0.17399431937812582,0.006033722185236753
2021-03-12,203871130,12,4336561,-0.025630079067891307,0.006025688245254648
2021-03-12,203871130,13,5498610,0.23773848995222213,0.0037645525360515087
2021-03-12,203871130,14,3540618,-0.1524530068643595,0.00150341682684837
2021-03-12,203871130,15,5523889,-0.11353996461685112,0.0022691696491852443
2021-03-12,203871130,16,11121101,0.014447203634822298,0.012544181268035819
2021-03-12,203871130,17,21747236,-0.22118361292232158,0.013269108915895991
2021-03-12,203871130,18,13439913,-0.14251882704051616,0.0077485855115238585
2021-03-12,203871130,19,7252388,-0.09729318707033138,0.00524996114612551
2021-03-12,203871130,20,5781500,0.26189664916142974,0.002267605982150957
2021-03-12,203871130,21,3944533,0.20505586592417216,0.0042664957406463935
2021-03-12,203871130,22,7323508,0.0035305996595102985,0.0012597665565966614
2021-03-12,203871130,23,6228013,0.06347049344529791,0.0032743171533921346
2021-03-12,203871130,24,7465050,-0.03115362503648001,0.001009423517549894
2021-03-15,178859410,0,1003423,-0.961231281887623,0.0052868196917238534
2021-03-15,178859410,1,23666902,0.24675879819622656,0.012850280569929042
2021-03-15,178859410,2,13537750,0.03217581745480419,0.01635507497440334
2021-03-15,178859410,3,18458109,-0.23327908454688373,0.004137309634087817
2021-03-15,178859410,4,10106105,0.37517891929177943,0.0033128781437492126
2021-03-15,178859410,5,6587612,0.053110051224554054,0.00974544551544598
2021-03-15,178859410,6,4584923,0.13079239788476318,0.005633211918712506
2021-03-15,178859410,7,4421480,-0.21214238663607848,0.002816744560657261
2021-03-15,178859410,8,4679375,-0.11633321139661598,0.0010241430399953479
2021-03-15,178859410,9,6809643,0.06994153603046235,0.0005158332113043013
2021-03-15,178859410,10,3624625,-0.1869312831765841,0.0010246960750161177
2021-03-15,178859410,11,2845500,0.1929315143605563,0.0007709687638412122
2021-03-15,178859410,12,4756602,-0.323446307334835,0.0010277716652243901
2021-03-15,178859410,13,5922862,-0.11912863676166953,0.0015351408222490654
2021-03-15,178859410,14,3686932,0.5083396391635188,0.0028187861219594076
2021-03-15,178859410,15,4626152,-0.3240890873516887,0.005654920720557595
2021-03-15,178859410,16,6366700,0.33063134748102163,0.0038432291942848812
2021-03-15,178859410,17,7571713,-0.44884878793417643,0.0023263416617934564
2021-03-15,178859410,18,4574286,0.11287751184624621,0.002850813058905753
2021-03-15,178859410,19,5412396,0.015513750926139724,0.0031112045556326608
2021-03-15,178859410,20,7275104,0.04186934181260651,0.002077816934188871
2021-03-15,178859410,21,9019439,-0.3428315998139357,0.0018186624643383483
2021-03-15,178859410,22,6417520,-0.37161730446296865,0.0031114904407140856
2021-03-15,178859410,23,5410573,-0.07921740198090525,0.004407178677664028
2021-03-15,178859410,24,7493684,-0.23894923934392176,0.0025886184837102663
2021-03-16,153219260,0,847100,-0.956891906455437,0.00947778657133822
2021-03-16,153219260,1,13710081,0.3033431754913659,0.01793687426201451
2021-03-16,153219260,2,10770351,0.34421468431492397,0.004331098167130842
2021-03-16,153219260,3,10185374,0.2215317270376559,0.005663977262506976
2021-03-16,153219260,4,5913332,-0.10794263966055409,0.00695220891357917
2021-03-16,153219260,5,7419181,-0.2517460753883224,0.0007573861054619164
2021-03-16,153219260,6,8939129,0.22476463878596972,0.0018077327121615388
2021-03-16,153219260,7,9302152,-0.046005749671061434,0.005753380222186558
2021-03-16,153219260,8,8485118,-0.16289006868067907,0.008362695829890751
2021-03-16,153219260,9,5599496,-0.04530229082223424,0.0013111570253815064
2021-03-16,153219260,10,7439900,0.04951131019624931,0.005480463826858795
2021-03-16,153219260,11,4475282,-0.4321376214188962,0.009913749704187614
2021-03-16,153219260,12,3660664,-0.09992847465498583,0.004694838231406263
2021-03-16,153219260,13,3447384,0.1982481681496629,0.005208816577689927
2021-03-16,153219260,14,3432520,-0.37827561327861153,0.003138818539181997
2021-03-16,153219260,15,4093448,0.0911263753582612,0.0033668460111852274
2021-03-16,153219260,16,4655774,0.2798160903869445,0.002587671173357922
2021-03-16,153219260,17,5709205,0.253437549420968,0.003882218786726282
2021-03-16,153219260,18,5400901,-0.06192303577850258,0.0026140697663558842
2021-03-16,153219260,19,3475182,-0.09461951382182539,0.007810389963445646
2021-03-16,153219260,20,4001422,-0.0018598565711857905,0.006255382310998323
2021-03-16,153219260,21,4825101,0.019247716360062457,0.0036501677841666038
2021-03-16,153219260,22,3465112,0.22121543071130287,0.0023460664052116836
2021-03-16,153219260,23,5475363,-0.21772544921835743,0.0018270012515049058
2021-03-16,153219260,24,8490688,-0.051643712833918665,0.0007803275919966073
2021-03-17,151553754,0,757000,-0.23595136378573775,0.0026044478106376796
2021-03-17,151553754,1,14960654,-0.2535114787922112,9.628294757998269e-06
2021-03-17,151553754,2,8535571,-0.06884909971814718,0.0026140761053956778
2021-03-17,151553754,3,9453356,-0.037810473863907706,0.010140701271873477
2021-03-17,151553754,4,19205396,0.014450843444843556,0.008078412442383243
2021-03-17,151553754,5,11800996,0.12072837454109288,0.0015323067606910687
2021-03-17,151553754,6,8295484,0.0321805631140057,0.007704199783745347
2021-03-17,151553754,7,5061337,0.21816624937296253,0.005396423076797219
2021-03-17,151553754,8,4805312,0.26183604415075945,0.0028312827979872276
2021-03-17,151553754,9,3434610,0.35892178150744586,0.0015444639147540525
2021-03-17,151553754,10,4224366,-0.33830820924819077,0.002323039516168744
2021-03-17,151553754,11,4371057,-0.04124373804493809,0.00026709810957325315
2021-03-17,151553754,12,2762841,-0.15652298115002616,0.005438767954485587
2021-03-17,151553754,13,3523717,0.14408677456593508,0.005697260657487179
2021-03-17,151553754,14,3833005,-0.07669247900742027,0.0015499949202275925
2021-03-17,151553754,15,3739698,-0.08947991468035198,0.0046701393771412586
2021-03-17,151553754,16,2887500,-0.5181110310028607,0.003889151708570907
2021-03-17,151553754,17,3697679,-0.31478006688108096,0.003617865119095524
2021-03-17,151553754,18,3463688,0.060067740058608425,0.005165517952721378
2021-03-17,151553754,19,2392406,-0.05336685571789191,0.000771417721815024
2021-03-17,151553754,20,8336661,0.1093609272222757,0.0077397504707266964
2021-03-17,151553754,21,5040682,-0.23802136441923813,0.009532551812612464
2021-03-17,151553754,22,5035300,-0.252699824856757,0.0017965784148886096
2021-03-17,151553754,23,4759886,0.09495567479088415,0.002580211557507269
2021-03-17,151553754,24,7175552,0.23496615676433658,0.002580211557507269
2021-03-18,257040426,0,1655100,-0.8888086642599278,0.005153383178699777
2021-03-18,257040426,1,28173299,-0.015099204569279375,0.00405456231650592
2021-03-18,257040426,2,12095116,-0.041201102305675176,0.009188929005675165
2021-03-18,257040426,3,24875428,0.14171163827965022,0.009366854645069233
2021-03-18,257040426,4,37492119,0.18257368809007699,9.164133551526595e-05
2021-03-18,257040426,5,17582126,-0.13978563412156064,0.011494785177015653
2021-03-18,257040426,6,10592108,-0.19484390602417148,0.0007358588081593296
2021-03-18,257040426,7,7416100,0.16452523025450164,0.0027548023485254587
2021-03-18,257040426,8,5267940,0.30570772499044546,0.0027548023485254587
2021-03-18,257040426,9,7872735,0.01799853664263864,0.001730033708220855
2021-03-18,257040426,10,17212599,0.15025923497622973,0.005230336158680804
2021-03-18,257040426,11,7240068,0.015100491459255167,0.0017393256783041389
2021-03-18,257040426,12,5654983,-0.0055225896705559776,0.004478343341120786
2021-03-18,257040426,13,8067728,0.23807524252477025,0.000985021414595002
2021-03-18,257040426,14,5972776,0.42216515869785126,0.003250273395934084
2021-03-18,257040426,15,3821200,0.21465319238677424,0.00025070150783009507
2021-03-18,257040426,16,5260595,0.32088065531291177,3.53410303720674e-07
2021-03-18,257040426,17,4680382,0.3018028505289431,0.003754246603813724
2021-03-18,257040426,18,4820834,0.08817471353345661,0.0032545244761695916
2021-03-18,257040426,19,5943608,-0.15558575475503045,0.0015071553439872263
2021-03-18,257040426,20,3850058,-0.209913943390846,0.0007523713037884148
2021-03-18,257040426,21,3478415,-0.09799971989991019,0.002514695159643202
2021-03-18,257040426,22,6273093,0.21757269576728508,0.000746673501757613
2021-03-18,257040426,23,8050170,-0.2702748187208882,0.0015064334202493747
2021-03-18,257040426,24,13691846,0.07274240348154179,0.0020003024019052576
2021-03-19,189689052,0,2010400,-0.9906166666162186,0.013663296427222048
2021-03-19,189689052,1,25113545,-0.02527415905197555,0.01389665906810365
2021-03-19,189689052,2,17996132,0.04641430455412939,0.0020519050049561545
2021-03-19,189689052,3,14064704,-0.23432989932265838,1.1280957548505313e-05
2021-03-19,189689052,4,12129968,0.4125189243742829,0.0005060867158475635
2021-03-19,189689052,5,6827214,0.3020162224096383,0.0036158793614668714
2021-03-19,189689052,6,4560104,-0.09101708688226116,0.0010338762822297318
2021-03-19,189689052,7,3480552,0.404194919690643,0.000258115272509017
2021-03-19,189689052,8,2966964,0.011406535585848782,0.0007737809794803572
2021-03-19,189689052,9,4147740,0.04969096664878204,0.0010316139016395165
2021-03-19,189689052,10,2867968,-0.23449353189627126,0.0030888374655108266
2021-03-19,189689052,11,3281510,0.3520206691246769,0.0056620090867033354
2021-03-19,189689052,12,1999160,-0.001089233183599007,0.0030888374655108266
2021-03-19,189689052,13,8666331,-0.12099383260812911,0.005432439119234354
2021-03-19,189689052,14,9856258,0.004332666173592936,0.004135125258409721
2021-03-19,189689052,15,16718562,0.13981376972621146,0.0026107834126580035
2021-03-19,189689052,16,5915105,-0.06311136225366346,0.004434051737525407
2021-03-19,189689052,17,6541540,0.12001462288864095,0.005455430574421266
2021-03-19,189689052,18,5014488,0.07220445402445191,0.012217366403351491
2021-03-19,189689052,19,4860193,0.42829357292944864,0.007542544614426915
2021-03-19,189689052,20,5422272,0.1240798365479454,0.003389861861292135
2021-03-19,189689052,21,5614943,0.3201276647206716,0.0023475083719885614
2021-03-19,189689052,22,6467000,0.37995529142925916,0.0013052513072554853
2021-03-19,189689052,23,4897708,0.11206053832832258,0.0026093477945198363
2021-03-19,189689052,24,8268691,0.06384895853085361,0.0015656467072598789
2021-03-22,181489564,0,462500,0.5972972972972973,0.0057045001701155505
2021-03-22,181489564,1,17067696,0.08523041636180029,0.006740187427332933
2021-03-22,181489564,2,18133107,-0.012408754296932285,0.007977508743952555
2021-03-22,181489564,3,10539201,0.014530580620526003,0.01130893474719702
2021-03-22,181489564,4,7295720,-0.3423932671351979,0.0017861224418078336
2021-03-22,181489564,5,6001782,-0.07315998087268066,0.0007853929382297311
2021-03-22,181489564,6,5157178,0.12433085784241141,0.008274823530696161
2021-03-22,181489564,7,6422144,0.30122445984610235,0.011116473596261202
2021-03-22,181489564,8,4428785,0.35530435029167107,0.005687814348428716
2021-03-22,181489564,9,2572898,0.41527786073653805,0.0033701724135881774
2021-03-22,181489564,10,3127788,-0.01145265573104244,0.000786557595239502
2021-03-22,181489564,11,15948406,0.19498669054965576,0.0035804688684324256
2021-03-22,181489564,12,26042151,0.38543176472442015,0.0015717371442706713
2021-03-22,181489564,13,7821000,-0.055452228551951185,0.007898727570799817
2021-03-22,181489564,14,3497360,0.3757304262150908,0.004076654474498446
2021-03-22,181489564,15,3343648,0.274961855670399,0.0015320081957304165
2021-03-22,181489564,16,3896223,-0.19434569633613388,0.0030629118436628702
2021-03-22,181489564,17,2664900,0.004566342770788867,0.0015320071345579927
2021-03-22,181489564,18,6147144,0.21004260098195898,0.0025494206518934933
2021-03-22,181489564,19,3680938,0.09671530384107173,0.0035705124598980837
2021-03-22,181489564,20,5394193,0.011251132392631183,0.006645253484433358
2021-03-22,181489564,21,4713982,0.03072116436858258,0.006396870994873395
2021-03-22,181489564,22,5088720,0.3966493023645502,0.003848785869106137
2021-03-22,181489564,23,3827074,0.2556314358520189,0.002566633602698542
2021-03-22,181489564,24,8215026,0.03236250916491143,0.002566633602698542
2021-03-23,190698752,0,1131500,0.8461538461538461,0.002566633602698542
2021-03-23,190698752,1,10905372,0.28308529105792823,0.0035959012970757658
2021-03-23,190698752,2,10428582,0.0116044872529778,0.007959979509664882
2021-03-23,190698752,3,6540282,-0.14640072873934937,0.005132255128102468
2021-03-23,190698752,4,5570330,-0.07574970192061309,0.0005139753508942431
2021-03-23,190698752,5,10783282,-0.12307199027288501,0.008278728236843119
2021-03-23,190698752,6,16901579,-0.14182798334688282,0.009040374935995781
2021-03-23,190698752,7,7119354,-0.030266011620185305,0.00026010903284963047
2021-03-23,190698752,8,3557452,0.5492471041704743,0.0005207930688106029
2021-03-23,190698752,9,3680211,-0.06295845921042537,0.00026039653440530146
2021-03-23,190698752,10,10984161,0.25009588835597213,0.0041778956469994515
2021-03-23,190698752,11,5284894,0.4204240351014118,0.0041778956469994515
2021-03-23,190698752,12,14384429,-0.015909581270552572,0.004466228959222955
2021-03-23,190698752,13,7378549,-0.3126487126883743,0.005256439636939455
2021-03-23,190698752,14,4863441,0.17759534353019485,0.0015751366424586665
2021-03-23,190698752,15,7514754,0.11151254634021386,0.0010373570641567542
2021-03-23,190698752,16,5633444,-0.031013246260640014,0.001577238694738404
2021-03-23,190698752,17,7295761,0.3501390813608706,0.0020859581519930338
2021-03-23,190698752,18,12840476,0.26853752264845476,0.0049347371958287116
2021-03-23,190698752,19,5240825,0.03847382275487582,0.009609077927956212
2021-03-23,190698752,20,8225714,0.11716043661797858,0.0005598262409788248
2021-03-23,190698752,21,5740337,0.24647376710440883,0.009684934104915506
2021-03-23,190698752,22,5266966,-0.13969163305200952,0.004712703050164889
2021-03-23,190698752,23,5696966,-0.21948783564783378,0.0020885569970275934
2021-03-23,190698752,24,7730091,0.15598127459588929,0.0013054440856933329
2021-03-24,202966473,0,791200,0.2546583850931677,0.006018062446233811
2021-03-24,202966473,1,11187758,-0.0931662830914268,0.012035836754806892
2021-03-24,202966473,2,7478892,-0.16199300675864461,0.007581881846350587
2021-03-24,202966473,3,10191432,-0.43691978668664494,0.0005202143823380313
2021-03-24,202966473,4,9306902,0.0014081423443505381,0.003408618582232762
2021-03-24,202966473,5,5644052,0.11112428738222338,0.006290847022825731
2021-03-24,202966473,6,4730580,-0.06741791286547896,0.00025495351809354147
2021-03-24,202966473,7,9799206,-0.2629567685549682,0.002071152567722651
2021-03-24,202966473,8,41187974,-0.10787824400736366,0.006901180463905263
2021-03-24,202966473,9,21960930,0.2648719536353842,0.01799717453159447
2021-03-24,202966473,10,10265143,-0.03621212131742835,0.004346980359412364
2021-03-24,202966473,11,6633974,0.1141784490150842,0.0025824750398847456
2021-03-24,202966473,12,8562475,-0.4767210971384541,0.005448385070853825
2021-03-24,202966473,13,5138615,-0.23601776094676744,0.005970699939357435
2021-03-24,202966473,14,4595187,-0.016206854326371426,0.0020828851268178054
2021-03-24,202966473,15,4214051,0.10622280903674332,0.000519640941456439
2021-03-24,202966473,16,4599691,-0.10580091041098885,0.003646707846607758
2021-03-24,202966473,17,2966072,0.5867306125671989,0.004946389442112117
2021-03-24,202966473,18,2659837,0.15388677457848932,0.0026031046027028305
2021-03-24,202966473,19,3728663,0.04820929306411623,0.0023465466130908556
2021-03-24,202966473,20,3164003,0.024785241494858067,0.004171628590629634
2021-03-24,202966473,21,3734432,-0.07883547341394684,0.0026064635780734162
2021-03-24,202966473,22,4636251,0.3702896379040866,0.0007818613114443765
2021-03-24,202966473,23,6961265,0.11323137337170346,0.0005239666277906926
2021-03-24,202966473,24,8827888,-0.2043266623765978,0.0020885569970275934
2021-03-25,167569581,0,1664200,-0.7749919639987143,0.009192246736537854
2021-03-25,167569581,1,21683158,0.48411273040350644,0.006817020189856578
2021-03-25,167569581,2,21933967,0.010237389522666554,0.0024004885298028853
2021-03-25,167569581,3,8968103,0.0730146452449963,0.006648907669870164
2021-03-25,167569581,4,10721933,0.0879686298105129,0.005268851992732864
2021-03-25,167569581,5,7555575,0.06368800136528602,0.006876317453894982
2021-03-25,167569581,6,6121021,0.1925304697180316,0.0010507764189455818
2021-03-25,167569581,7,3713772,0.0559049747284547,0.0007888391854521682
2021-03-25,167569581,8,2641297,-0.02584990218746379,0.003415050418668115
2021-03-25,167569581,9,3350120,-0.263039960938292,0.00025338816386396174
2021-03-25,167569581,10,6850127,-0.2964157557622527,0.004186003057645018
2021-03-25,167569581,11,3364300,-0.3137583461848063,0.000521070641949729
2021-03-25,167569581,12,2560940,-0.3131044663810044,0.0015721250243346148
2021-03-25,167569581,13,9178054,-0.42794942154748805,0.010394606442495008
2021-03-25,167569581,14,16718952,0.2691843892507078,0.011951427278441817
2021-03-25,167569581,15,4229007,0.5073196660035039,0.0007781240604993609
2021-03-25,167569581,16,3965186,0.1567247680757407,0.0010333061194832643
2021-03-25,167569581,17,3125881,-0.05929471286017769,0.0005181217065104046
2021-03-25,167569581,18,3037503,-0.28151554520233196,0.0007789901647581465
2021-03-25,167569581,19,2583748,-0.3127672731330334,1.5269654548340683e-06
2021-03-25,167569581,20,2207284,-0.10907236103262283,1.5314631470295283e-06
2021-03-25,167569581,21,3101850,0.03276195547127626,0.0002593409014624879
2021-03-25,167569581,22,3244759,-0.1903316543760637,0.002605501889254275
2021-03-25,167569581,23,5061212,0.03419424575908041,0.0013033255248780383
2021-03-25,167569581,24,9987632,0.06125043044256148,0.00025934470897532447
2021-03-26,263911929,0,1383500,-0.6013133208255159,0.004910522760439018
2021-03-26,263911929,1,21266794,0.20055342297007184,0.0005567060577085705
2021-03-26,263911929,2,17185631,0.3112449943983896,0.0056449388255244235
2021-03-26,263911929,3,10845276,-0.2652986920853917,0.0015345941760635715
2021-03-26,263911929,4,13576593,-0.04797120745269705,0.0023018451864762566
2021-03-26,263911929,5,5298824,-0.05252730376211462,0.00025884069262139105
2021-03-26,263911929,6,6186788,-0.16113029651662888,0.00025373156944621424
2021-03-26,263911929,7,4265067,-0.04876374173951152,0.0030809834904539464
2021-03-26,263911929,8,3990300,-0.14734887498369703,0.0025665389524439997
2021-03-26,263911929,9,5973452,0.2168379085438532,0.004098342761649242
2021-03-26,263911929,10,12399477,-0.07046820723723785,0.0004927471043448817
2021-03-26,263911929,11,28475667,-0.2632729180519247,0.00275391277077522
2021-03-26,263911929,12,23027162,0.015623701075938934,0.004815521209707361
2021-03-26,263911929,13,13655145,-0.20244278376388533,0.002513622451619577
2021-03-26,263911929,14,8398252,-0.012271221325378745,0.002260331464342935
2021-03-26,263911929,15,15102012,0.004332575754025158,0.0002535509026190061
2021-03-26,263911929,16,5664357,-0.27867515916088836,0.001754030484074518
2021-03-26,263911929,17,8318708,-0.1217862446516136,0.0025122824297003302
2021-03-26,263911929,18,5051404,-0.27577642972843264,0.003767759261261496
2021-03-26,263911929,19,6732883,-0.10106718072581954,0.0010028961098757913
2021-03-26,263911929,20,8679505,0.13018265928893652,0.003263496987246635
2021-03-26,263911929,21,6155251,-0.1161783843438823,0.0012547589137597254
2021-03-26,263911929,22,12967601,-0.29939481134911206,0.0012585107305221922
2021-03-26,263911929,23,6944392,-0.0685350934329521,0.001761700621519113
2021-03-26,263911929,24,12367888,-0.06533652931467882,0.0007546943611851423
2021-03-29,179137256,0,2251100,-0.8160567158459475,0.0017613419058051466
2021-03-29,179137256,1,26161549,0.2579194713890535,0.001509568080397623
2021-03-29,179137256,2,13864912,-0.1926447246914822,0.0012540433937827625
2021-03-29,179137256,3,8987948,0.389025655562702,0.0032636756447360863
2021-03-29,179137256,4,7038530,-0.11057877322725575,0.002509696421509025
2021-03-29,179137256,5,7959300,-0.386615002040051,0.00025257053594920264
2021-03-29,179137256,6,12005887,0.1828200581983668,0.004484998252348911
2021-03-29,179137256,7,14263930,0.01323438598511218,0.010223774808530494
2021-03-29,179137256,8,7771629,0.10679586036213864,0.0017285959500385022
2021-03-29,179137256,9,4186953,0.18582228332628906,0.004262751142092283
2021-03-29,179137256,10,3688712,0.13307199877202713,0.0022585485654905073
2021-03-29,179137256,11,5955177,0.08601739032895005,0.00025293189564297436
2021-03-29,179137256,12,3095139,0.21537339890632204,0.0022621166447394214
2021-03-29,179137256,13,5034912,0.5856598297007991,0.0025142476577863252
2021-03-29,179137256,14,7755662,0.35878320184643847,0.0017713097566338435
2021-03-29,179137256,15,7528267,-0.04359949294789805,0.0025209674386348024
2021-03-29,179137256,16,6701765,-0.09569472927070634,0.003557954076974134
2021-03-29,179137256,17,5659698,-0.21479622431105075,0.005589521367965937
2021-03-29,179137256,18,3297067,-0.1364098121666199,0.00025613845708195556
2021-03-29,179137256,19,3354414,-0.012005296163033013,0.0030504326197842418
2021-03-29,179137256,20,4001867,0.127742051968066,0.0010148561728931152
2021-03-29,179137256,21,2957703,0.21222902877905533,0.003818671856385945
2021-03-29,179137256,22,3741002,0.14683875874223465,0.003816107235673499
2021-03-29,179137256,23,3692220,0.20924911023563336,0.0007622878581643904
2021-03-29,179137256,24,8181913,0.1202608632368583,0.0007641184107840674
2021-03-30,134646717,0,923800,-0.6271870794078062,0.0015342157081917535
2021-03-30,134646717,1,10641578,0.08180052555676277,0.0012729032069521483
2021-03-30,134646717,2,10370295,-0.01868289730537074,0.0007727294107463665
2021-03-30,134646717,3,6805400,-0.11749024113301057,0.006407153782689439
2021-03-30,134646717,4,5796865,0.4136526611900212,0.00206003113809231
2021-03-30,134646717,5,5722509,-0.10510209381954899,0.0010230151726855273
2021-03-30,134646717,6,7778176,-0.3176616314197393,0.0017798906547772443
2021-03-30,134646717,7,10066119,0.1580768590213535,0.0022859524363139927
2021-03-30,134646717,8,4760058,0.10704815127489455,0.003300998638170324
2021-03-30,134646717,9,3716247,0.1573092641621681,0.003553849194187772
2021-03-30,134646717,10,6096095,-0.18630194816370702,0.0002468597228225169
2021-03-30,134646717,11,9945840,-0.14222433705562315,0.0002444629990449649
2021-03-30,134646717,12,3530899,-0.35331401266318757,0.0032773720702055638
2021-03-30,134646717,13,3297305,-0.008070760526060676,0.001007543824514643
2021-03-30,134646717,14,4578900,0.40876754389787695,0.0032813335946037473
2021-03-30,134646717,15,4853297,-0.594699901973273,0.0007487974598809792
2021-03-30,134646717,16,5906667,0.015644499495495567,0.0005168221612450233
2021-03-30,134646717,17,3321553,0.0037683235191810554,0.005087013464161355
2021-03-30,134646717,18,4107550,0.27155943176893255,0.0017818117824482257
2021-03-30,134646717,19,1936696,0.20597859613655695,0.0010155932661766022
2021-03-30,134646717,20,2762250,0.05961084935646295,0.001269354898609874
2021-03-30,134646717,21,3172517,-0.3164531893958623,8.19320508343526e-07
2021-03-30,134646717,22,3750531,0.08235451192464023,0.0007607389450132293
2021-03-30,134646717,23,4288204,-0.0880291224444438,0.001268353310809053
2021-03-30,134646717,24,6517366,-0.15177526863841204,0.0022832179000697463
2021-03-31,136909680,0,702700,-0.6111111111111112,0.0020297291785213866
2021-03-31,136909680,1,8995354,0.34312846027079474,0.0033146340004357334
2021-03-31,136909680,2,15928490,0.2518492699041343,0.0002837552006261709
2021-03-31,136909680,3,12687450,0.4282559708352983,0.0012626413043367343
2021-03-31,136909680,4,7023805,0.13927740249619316,0.0038671258626310563
2021-03-31,136909680,5,9123782,-0.04738309223778948,0.0033620173420948725
2021-03-31,136909680,6,5583576,0.5411493259299447,0.0010287485273281847
2021-03-31,136909680,7,10851200,0.3828412315418717,4.679779986174918e-06
2021-03-31,136909680,8,4932166,0.132474685595611,0.002602624891949787
2021-03-31,136909680,9,7281959,0.11021024782301625,0.0010414903508794162
2021-03-31,136909680,10,5787557,0.1688857957531833,0.0007808062442922309
2021-03-31,136909680,11,3880553,0.17814336895449123,0.0007807104574725648
2021-03-31,136909680,12,2271175,-0.2175516367712767,0.0015602728813479865
2021-03-31,136909680,13,3338036,-0.1185648472735769,0.002860436659298006
2021-03-31,136909680,14,2485980,0.1108108565529813,0.003640095994414494
2021-03-31,136909680,15,2603485,-0.2272296209059852,0.0020797273262468416
2021-03-31,136909680,16,3798741,-0.19272134698025428,0.0
2021-03-31,136909680,17,1890200,-0.04230865270091015,0.000519358658079189
2021-03-31,136909680,18,2839129,0.3223503312347697,0.000519358658079189
2021-03-31,136909680,19,1773260,-0.11212990024355433,0.0010398631009127207
2021-03-31,136909680,20,3493386,0.3384384909535267,0.0020797262018254414
2021-03-31,136909680,21,3554338,-0.0004172866541560681,0.0007801360892921683
2021-03-31,136909680,22,5106613,-0.3527843154316174,0.0005194540232411048
2021-03-31,136909680,23,4674620,0.004413261570119237,0.0018166600028772463
2021-03-31,136909680,24,6302125,-0.20521680491186786,0.002075529847055501
2021-04-01,181249833,0,716935,0.24290220820189273,0.0069738797854700975
2021-04-01,181249833,1,11072507,-0.3913273020469967,0.007741633623130646
2021-04-01,181249833,2,7961829,0.33667799334782905,2.344361955235743e-06
2021-04-01,181249833,3,4930208,0.29127112400544525,0.004120730369605554
2021-04-01,181249833,4,8747708,-0.45512195333928707,0.0005233225682592408
2021-04-01,181249833,5,14612773,0.042771283022571244,0.0012677020084941584
2021-04-01,181249833,6,5782944,0.0197394718387623,0.00536236102886003
2021-04-01,181249833,7,3440969,0.035107967982218456,0.0017859462744341506
2021-04-01,181249833,8,4189745,0.1697557559094454,0.0023028647206643697
2021-04-01,181249833,9,3971872,-0.30716190271172517,0.0017900969090810692
2021-04-01,181249833,10,2216116,-0.3359140227193074,0.002561611783759944
2021-04-01,181249833,11,2427600,-0.07945576465179414,0.0040976879443532874
2021-04-01,181249833,12,1540535,-0.08587418943396366,0.0012789943793261062
2021-04-01,181249833,13,1803219,0.15220113323856396,0.0033327620803239926
2021-04-01,181249833,14,2152805,-0.1589429010450479,0.0038432075705130734
2021-04-01,181249833,15,3436852,-0.017741152699592793,0.0012802950830396176
2021-04-01,181249833,16,4830355,-0.25331837072791363,0.0017917647481510241
2021-04-01,181249833,17,12768289,-0.19590275012842454,0.004823892113362922
2021-04-01,181249833,18,8352555,-0.13731647425043841,0.008136862427455567
2021-04-01,181249833,19,11851919,-0.2746296349669073,0.005822816713574077
2021-04-01,181249833,20,10119087,-0.3661578878949825,0.005564076723458017
2021-04-01,181249833,21,9109300,-0.2592771259144262,0.0017677223184278446
2021-04-01,181249833,22,15250614,-0.40984106997966613,0.0035238526269022324
2021-04-01,181249833,23,15194552,0.19112855384080896,0.0017727837426635843
2021-04-01,181249833,24,14768545,-0.46010071520522283,0.003508950898945869
2021-04-02,235400044,0,5077000,0.4851150477416354,0.012693927269524887
2021-04-02,235400044,1,49629389,0.08607959551626458,0.005055438411594973
2021-04-02,235400044,2,29764553,0.21386239857631786,0.010062974218522742
2021-04-02,235400044,3,13463408,0.06575571381489484,0.0026933097349582835
2021-04-02,235400044,4,8886125,-0.08417690098235497,0.0012298794738045521
2021-04-02,235400044,5,6116496,0.27046029235823044,8.56074382866131e-08
2021-04-02,235400044,6,5640693,0.19525359959737065,0.0014768144825026835
2021-04-02,235400044,7,4593811,-0.11796330877982548,0.004916877373632783
2021-04-02,235400044,8,6659668,-0.023857272844607248,0.0017279880632011728
2021-04-02,235400044,9,12567519,0.02814332038635571,5.407166830590766e-06
2021-04-02,235400044,10,11591948,-0.20673048102576005,0.004883677390880539
2021-04-02,235400044,11,6104239,0.15224916238399808,0.0012156295160371334
2021-04-02,235400044,12,4230700,0.3722365403739439,0.0017153872451182864
2021-04-02,235400044,13,5588742,0.3394907596354394,0.0
2021-04-02,235400044,14,3907978,0.1671227902032016,0.0012278294128404805
2021-04-02,235400044,15,3629561,-0.3996694909479702,0.00024402851510099924
2021-04-02,235400044,16,5333936,0.6305144725190965,0.0009879167442343496
2021-04-02,235400044,17,7287672,0.4603513576368408,0.0022184832285599304
2021-04-02,235400044,18,4212122,0.23621681814876058,0.0014781864688016319
2021-04-02,235400044,19,2972478,0.04586254411027374,0.0007411511576482501
2021-04-02,235400044,20,5893207,-0.12331218318694033,0.0009797040950938762
2021-04-02,235400044,21,9040772,-0.07808907537838491,0.0009837933277079478
2021-04-02,235400044,22,5476947,-0.018100265952707608,0.002449788662792304
2021-04-02,235400044,23,6389723,-0.0587023450005937,0.0007338907977102907
2021-04-02,235400044,24,11341357,-0.1275245430106398,0.0024527632414536337
2021-04-06,149670817,0,1442200,0.994634473507713,0.004137393181215609
2021-04-06,149670817,1,25651541,-0.029817958260680646,0.007556377740921406
2021-04-06,149670817,2,12530182,0.0992306483922246,0.003674856275286922
2021-04-06,149670817,3,6382022,0.10085217651511352,0.002919469239807578
2021-04-06,149670817,4,5747378,0.14460578375941172,0.00442471315487101
2021-04-06,149670817,5,6078723,0.4475023948194677,0.0004953118656823449
2021-04-06,149670817,6,4883847,0.5844794516689501,0.00466396782907586
2021-04-06,149670817,7,7700830,-0.2007852496151356,0.001220643451601474
2021-04-06,149670817,8,7634707,0.17271872589045578,0.0005006862097203524
2021-04-06,149670817,9,5043939,0.2364963316918047,0.002720033614752542
2021-04-06,149670817,10,3857353,0.5810153669553207,0.0004952595261167173
2021-04-06,149670817,11,6708641,0.1897434097130384,0.002979473663531847
2021-04-06,149670817,12,6585764,0.0010745395064099728,0.0009842958967239612
2021-04-06,149670817,13,4170371,0.17753331588679713,0.0074650019726012215
2021-04-06,149670817,14,2764500,0.27488239399063674,0.006462080401635721
2021-04-06,149670817,15,3480020,0.10337734476401075,0.003470117711601368
2021-04-06,149670817,16,4328180,-0.19336213095623198,0.006199964459369239
2021-04-06,149670817,17,4271658,0.40318529804657244,0.005957384840999257
2021-04-06,149670817,18,3653412,-0.03289004542393829,0.0029807797992512167
2021-04-06,149670817,19,3435573,-0.08866215337312709,0.001489865852673627
2021-04-06,149670817,20,3139583,0.05172806671700393,0.0004956925452438657
2021-04-06,149670817,21,3397099,0.06795699340249955,0.00024615213962587865
2021-04-06,149670817,22,5668559,0.03145540955438445,0.000244858471145602
2021-04-06,149670817,23,3956142,0.1443492773909619,0.0029668826875367976
2021-04-06,149670817,24,7158593,0.07104056767271251,0.0022255510300623394
2021-04-07,156007982,0,1352200,-0.22388059701492538,0.01070152476792018
2021-04-07,156007982,1,21054591,0.25444583161170986,0.0029034086089181703
2021-04-07,156007982,2,10818383,0.013432861687292115,0.009331696271952251
2021-04-07,156007982,3,7322737,0.18909299493615622,0.0035390576200203987
2021-04-07,156007982,4,10871541,0.08292826466009048,0.0010104231637464327
2021-04-07,156007982,5,8367386,0.2679330102471904,0.002535434863438322
2021-04-07,156007982,6,15436934,0.09351504195692958,0.004057188009454548
2021-04-07,156007982,7,10092198,-0.05929029847983848,2.2726297116474567e-06
2021-04-07,156007982,8,3616759,-0.17089097995300961,0.0022795829970012303
2021-04-07,156007982,9,3723580,-0.27782640273308595,0.0002553061730826176
2021-04-07,156007982,10,3267746,0.07893738303915655,0.0010144094110833039
2021-04-07,156007982,11,2262235,0.1501458998528431,0.001015502165247322
2021-04-07,156007982,12,1711409,-0.079479781684399,0.000759102065029829
2021-04-07,156007982,13,3362977,-0.08561517261805339,0.0035489350268986274
2021-04-07,156007982,14,3887574,0.45914371088536876,0.0010119514438622918
2021-04-07,156007982,15,3249746,0.19293106775022545,0.003807704804274041
2021-04-07,156007982,16,5077180,0.0642251140031708,0.005582763103578215
2021-04-07,156007982,17,4054874,0.5249176545491484,0.0027913815517891074
2021-04-07,156007982,18,2887144,-0.15795957699793506,0.0010163232524849338
2021-04-07,156007982,19,3247353,-0.09209558993413718,0.0007624705191223818
2021-04-07,156007982,20,3651459,0.12375139152429783,0.0002538527333625519
2021-04-07,156007982,21,4443440,0.10109491339714363,0.0002537616324332718
2021-04-07,156007982,22,5609399,0.41014976381957785,0.0015234814585864448
2021-04-07,156007982,23,6066601,-0.11502738995429752,0.001269719826153173
2021-04-07,156007982,24,10572536,0.09364821185004332,0.001269719826153173
2021-04-08,140193838,0,1223400,-0.9289340101522843,0.005596101967685484
2021-04-08,140193838,1,10940329,-0.06769529433554043,0.005091787355563297
2021-04-08,140193838,2,10774176,0.2532862981822858,0.004316232044021741
2021-04-08,140193838,3,5715785,-0.2873041795939902,0.006348626991735932
2021-04-08,140193838,4,5036050,-0.12489484809106688,0.0015205693602798778
2021-04-08,140193838,5,3753700,-0.08152734144863132,0.002539076689276862
2021-04-08,140193838,6,2829137,0.34144573642121,0.004824482846908738
2021-04-08,140193838,7,8387210,-0.14570241738103643,0.0032663139900634586
2021-04-08,140193838,8,20083456,0.08171751611697636,0.005302736298135338
2021-04-08,140193838,9,5176790,-0.03307221523424853,0.0002506126446034955
2021-04-08,140193838,10,4335552,0.10175444980218153,0.00024981238951371715
2021-04-08,140193838,11,11317576,-0.12209840680974135,0.0034929369366745355
2021-04-08,140193838,12,6238722,-0.12402651455210774,0.007740112593593111
2021-04-08,140193838,13,2882978,0.26473161252607275,0.002994016692527444
2021-04-08,140193838,14,2779880,0.23014357749386005,0.001252713812348759
2021-04-08,140193838,15,2343300,0.24380288536781786,0.0010012121764716607
2021-04-08,140193838,16,2758429,-0.27879150501130334,0.0005016720899943477
2021-04-08,140193838,17,2072155,-0.18841550994454775,0.0002508805352509148
2021-04-08,140193838,18,2705866,-0.043507832298735914,8.898050748193342e-08
2021-04-08,140193838,19,3310018,-0.3363633093046802,0.0017523451423411007
2021-04-08,140193838,20,6271676,0.14801957263828497,0.002253218673585809
2021-04-08,140193838,21,2971558,0.16372413507807274,0.0015029727440819824
2021-04-08,140193838,22,4582590,-0.0951861609471951,0.0002557727133983161
2021-04-08,140193838,23,4047443,-0.1815302242927151,0.0027628066572086356
2021-04-08,140193838,24,7656062,0.03777389762256828,0.002011058276419121
2021-04-09,105997197,0,675900,-0.9853211009174312,0.0012638034071018802
2021-04-09,105997197,1,9274443,0.3388548862145609,0.0015100076902943487
2021-04-09,105997197,2,7068569,0.2737923355809006,1.447208468375431e-06
2021-04-09,105997197,3,6103508,0.02595812810590168,0.0015186641276992811
2021-04-09,105997197,4,8577686,-0.006555792184250128,0.0035498480581241526
2021-04-09,105997197,5,5750780,0.06846928181358002,0.003551667469524438
2021-04-09,105997197,6,2885920,-0.21272327247253975,0.0007606469283548423
2021-04-09,105997197,7,3760017,-0.06800596752913325,0.0012619987265508365
2021-04-09,105997197,8,2604371,0.0218836930328345,0.003289098742563111
2021-04-09,105997197,9,2340482,0.23631445939030973,0.0015165830540516648
2021-04-09,105997197,10,2636192,-0.030032937754995475,0.0015165830540516648
2021-04-09,105997197,11,1666020,-0.24343714948619552,0.0010111457336131292
2021-04-09,105997197,12,1287620,-0.3506862640132383,0.0010116882424112451
2021-04-09,105997197,13,1718867,0.13158219189002768,0.0012648138650605998
2021-04-09,105997197,14,2711860,0.5965071509056012,0.002532075144344771
2021-04-09,105997197,15,2628742,0.4308993379211343,0.001264810352444099
2021-04-09,105997197,16,4562900,0.3968481410250676,0.0007637482262848318
2021-04-09,105997197,17,2534944,-0.18995307309384235,0.0015250331889488523
2021-04-09,105997197,18,3529465,-0.27666514567623024,0.0012710892892231031
2021-04-09,105997197,19,6086308,0.20758033807772946,0.003305930351549177
2021-04-09,105997197,20,7717115,-0.28751299950312914,0.0028215050975662
2021-04-09,105997197,21,6035184,0.3975815986663611,0.008437936645195043
2021-04-09,105997197,22,4139098,-0.0413599094277045,0.0040921369198912766
2021-04-09,105997197,23,4016618,-0.16345627698037682,0.000510546434588507
2021-04-09,105997197,24,5684588,-0.009660943968771785,0.0002554115184665928
2021-04-12,157905989,0,445152,0.9165943817975579,0.0010213694715216924
2021-04-12,157905989,1,11951269,-0.16274712404454722,0.0002540303683239513
2021-04-12,157905989,2,13218230,-0.046641322554818086,0.002791917304692278
2021-04-12,157905989,3,6735160,-0.20501657714931926,0.004572644571084558
2021-04-12,157905989,4,5685260,-0.24598584293803372,0.0002548544521024895
2021-04-12,157905989,5,3873580,0.38679169192246715,0.001019979886826662
2021-04-12,157905989,6,3530516,-0.06992637847968755,0.002799600134272556
2021-04-12,157905989,7,5462120,-0.043860345034419594,0.0068994821001927085
2021-04-12,157905989,8,4471520,-0.061258132140627815,0.007674317187336686
2021-04-12,157905989,9,3112780,0.13534143309282606,0.004105495540172695
2021-04-12,157905989,10,5141206,-0.25252456038249876,0.0020521870313076986
2021-04-12,157905989,11,5216388,0.14610196197557926,0.0012890696070101287
2021-04-12,157905989,12,2169839,-0.5695837333984541,0.003349668648342352
2021-04-12,157905989,13,2486600,0.484994813015183,0.0025765450474422406
2021-04-12,157905989,14,1960366,-0.2926728726164579,0.001803327740474934
2021-04-12,157905989,15,2159300,-0.12773822611830488,0.0005134155304852832
2021-04-12,157905989,16,2006728,-0.11374201066447365,0.001800610193353019
2021-04-12,157905989,17,4746077,-0.11735150401361587,0.002579176485280671
2021-04-12,157905989,18,4205113,0.37859558132297444,0.0018004994735698772
2021-04-12,157905989,19,8385066,-0.39100358871029905,0.001559873003717069
2021-04-12,157905989,20,8306401,0.5157048269576251,0.001812563971055973
2021-04-12,157905989,21,5364553,-0.33212409906402585,0.0005229977921738271
2021-04-12,157905989,22,12809662,0.21089459186582804,0.001311709651157991
2021-04-12,157905989,23,17882000,-0.22896920336402646,0.0018548758931074907
2021-04-12,157905989,24,16581103,-0.28807107803555626,0.006309956423582051
2021-04-13,128508142,0,851400,0.9912790697674418,3.523141256459825e-06
2021-04-13,128508142,1,18716634,0.10410111018742066,0.002871445522183585
2021-04-13,128508142,2,9953393,-0.015444002580639164,0.002884806587364934
2021-04-13,128508142,3,7509000,-0.3510350429131505,0.0015632433364393796
2021-04-13,128508142,4,8032702,0.38055471665755436,0.004669100626254601
2021-04-13,128508142,5,4211530,0.11542997164741804,0.0057040174318329796
2021-04-13,128508142,6,4529304,0.06578460725335959,0.001552564545524024
2021-04-13,128508142,7,3193028,0.14712854242072507,0.00259051630005491
2021-04-13,128508142,8,3358040,-0.01677060691386225,0.002591655656884641
2021-04-13,128508142,9,3463837,0.3192853476913964,0.0005187870967753763
2021-04-13,128508142,10,2677920,0.19478212837905273,0.0005187870967753763
2021-04-13,128508142,11,2419964,-0.016393608073718025,0.00233287915584985
2021-04-13,128508142,12,1750800,-0.2562608755976815,0.0033687429920733116
2021-04-13,128508142,13,4636597,-0.023169446414487902,0.0010440538706267015
2021-04-13,128508142,14,5465100,-0.03316126529716107,0.0010348852620217658
2021-04-13,128508142,15,5845670,-0.34758695599762357,0.00025798947300679966
2021-04-13,128508142,16,8002011,-0.28713583788983343,0.0028891056678151863
2021-04-13,128508142,17,3483530,-0.22068805728817426,0.007866863474730154
2021-04-13,128508142,18,3547143,0.23687847768063217,0.0015822127894251626
2021-04-13,128508142,19,2028818,0.26426855816877015,0.0026115649955946708
2021-04-13,128508142,20,3109384,-0.16431257209569322,3.8541365845545617e-07
2021-04-13,128508142,21,3352991,0.3057078618639048,0.0007834014028256904
2021-04-13,128508142,22,4705644,-0.18009111299632735,0.0018296104624710668
2021-04-13,128508142,23,7080950,-0.3456968350012371,0.00026581534432057935
2021-04-13,128508142,24,6582752,0.1789577466728999,0.003930168864362076
2021-04-14,202329574,0,716300,-0.5892457057505601,0.0028571172764267384
2021-04-14,202329574,1,23595818,-0.2727728228074337,0.009446736704671402
2021-04-14,202329574,2,18366348,0.16166361054303177,0.010845179216897692
2021-04-14,202329574,3,13195946,-0.060945917859975225,0.003554583764236274
2021-04-14,202329574,4,5408623,0.16489864445714375,0.0030456907727236695
2021-04-14,202329574,5,5472070,-0.18361982594528756,0.006091381545447339
2021-04-14,202329574,6,20107303,-0.06813928184296147,0.0005175980505117594
2021-04-14,202329574,7,5092339,0.19061547669697154,0.002780495645179638
2021-04-14,202329574,8,5742318,0.1305750149826883,0.0005048058459354555
2021-04-14,202329574,9,3894816,-0.3405210236113444,9.006348880390228e-08
2021-04-14,202329574,10,5979912,-0.01405573755332267,0.0035394234296648786
2021-04-14,202329574,11,2381232,-0.30213177720773454,0.004047031955724127
2021-04-14,202329574,12,4199273,-0.557967010244871,0.0007599213855381724
2021-04-14,202329574,13,3153140,-0.22634900080611686,0.0020224734022011304
2021-04-14,202329574,14,6933239,-0.20048356426045635,0.0007490158372811814
2021-04-14,202329574,15,6967422,0.16567172330973978,0.003778047105088647
2021-04-14,202329574,16,2956557,0.2675608051830673,0.0015100159012476724
2021-04-14,202329574,17,13777820,-0.04885952469163699,0.003261094500410171
2021-04-14,202329574,18,11064720,0.36447748041761596,0.003014041111071912
2021-04-14,202329574,19,9544380,0.3718190659069345,0.0007481259028973154
2021-04-14,202329574,20,5099304,0.05079843585636507,0.0047497087155069844
2021-04-14,202329574,21,4503793,-0.1604062780328969,0.0030003687502987
2021-04-14,202329574,22,5288160,-0.0791492117925591,0.0010025440491375072
2021-04-14,202329574,23,6935000,0.1766019949173962,7.985571462608382e-07
2021-04-14,202329574,24,11953741,0.08992253158497282,0.001995976172551073
2021-04-15,135936045,0,930102,0.8168928118691018,0.011777238994351787
2021-04-15,135936045,1,16739999,-0.07097493629948586,0.008272470173761932
2021-04-15,135936045,2,9771489,-0.2551002311361614,0.004789730959886251
2021-04-15,135936045,3,8629805,0.30774463053944606,0.00503782313011846
2021-04-15,135936045,4,5015224,0.0397875524336311,0.0035177692275576897
2021-04-15,135936045,5,8431988,0.24493694199446944,0.0015096495891412619
2021-04-15,135936045,6,5703918,-0.3238814202095406,0.0022553469043540522
2021-04-15,135936045,7,3349419,-0.011027979295597653,0.0010021886942978278
2021-04-15,135936045,8,2363800,0.3486186342631553,0.0005017610705018296
2021-04-15,135936045,9,2223406,0.34131148962892804,0.0002508805352509148
2021-04-15,135936045,10,6361666,-0.10050630998703573,0.003016457249265669
2021-04-15,135936045,11,3326720,0.28106297238085487,0.0027645040019227056
2021-04-15,135936045,12,2515276,-0.1443958227820628,0.001007543824514643
2021-04-15,135936045,13,1903756,-0.20787830998033235,0.0015063488070143581
2021-04-15,135936045,14,2800185,0.1969422590479404,0.0010084258823855555
2021-04-15,135936045,15,3699366,0.25458922087133373,2.2182165220834656e-06
2021-04-15,135936045,16,3602794,-0.6619882449198273,0.001751547715896924
2021-04-15,135936045,17,5466785,-0.15193370732712885,0.003745584925377675
2021-04-15,135936045,18,6121104,0.24052665898127168,0.004990968178819618
2021-04-15,135936045,19,3614482,0.3629879238057316,0.0009961848654268907
2021-04-15,135936045,20,2463886,-0.4463001750448583,0.0019980945850639124
2021-04-15,135936045,21,4826829,-0.1290905403831794,0.0002468240758361721
2021-04-15,135936045,22,3493520,0.3765048981312462,0.002492094901102213
2021-04-15,135936045,23,7833916,-0.02933825973637547,0.0034855658524029923
2021-04-15,135936045,24,14746610,-0.3412092969160089,0.0007518796752966086
2021-04-16,138049486,0,867600,-0.9467592592592593,4.2567568746460495e-06
2021-04-16,138049486,1,14475083,0.019041329779971264,0.007691602634630025
2021-04-16,138049486,2,11483962,-0.16955952869798815,0.0004521001645062958
2021-04-16,138049486,3,6628191,-0.04078794158726148,0.00951582087648179
2021-04-16,138049486,4,5890465,0.21096593095039168,0.00676294778991616
2021-04-16,138049486,5,3126026,-0.5710803445581626,0.007752835338130661
2021-04-16,138049486,6,5081520,-0.08155977605085596,0.00524812115320654
2021-04-16,138049486,7,3234700,-0.07527575663522601,0.0014971387005740164
2021-04-16,138049486,8,2380384,-0.13410293836011006,4.323173557968741e-06
2021-04-16,138049486,9,3826803,-0.0110822390229644,0.0009989996738959967
2021-04-16,138049486,10,2890047,-0.0787582509194827,0.0022539271207258228
2021-04-16,138049486,11,2831734,0.4655162917704709,0.0007523713364165062
2021-04-16,138049486,12,4085952,0.10021855509013936,0.0007475985941382285
2021-04-16,138049486,13,5566464,0.07488446080964598,0.000494272063977082
2021-04-16,138049486,14,3031800,0.38258510155080344,0.0022405262030777244
2021-04-16,138049486,15,5357924,-0.08864596835399988,0.0034746457051091618
2021-04-16,138049486,16,10186854,0.003721745714296543,0.0004781066107011833
2021-04-16,138049486,17,8927145,0.06462470548914162,0.004196834876430159
2021-04-16,138049486,18,5793993,0.17459756338851712,0.0002470231249676886
2021-04-16,138049486,19,4969572,0.38660361258264775,0.0007397804837145375
2021-04-16,138049486,20,3884322,0.3271641594029985,0.0014818869157937119
2021-04-16,138049486,21,5018988,0.3035135992463273,0.0007397772294997711
2021-04-16,138049486,22,4888043,0.179650182218498,0.0004945666131596695
2021-04-16,138049486,23,5560884,-0.29987678847876337,0.0007425425901543214
2021-04-16,138049486,24,8061030,0.009487853787352321,0.0009899990340401003
2021-04-19,284415617,0,628800,-0.7227997227997228,0.004723524399012993
2021-04-19,284415617,1,11196181,0.17606017035930205,0.0062155022710932185
2021-04-19,284415617,2,9392560,0.21265857656630097,0.0004958584721567464
2021-04-19,284415617,3,11535212,-0.060957997436726315,0.0034606459951748506
2021-04-19,284415617,4,14496156,0.08305934391301845,0.004363592919464344
2021-04-19,284415617,5,15300378,-0.1301356530590338,0.007857116280636598
2021-04-19,284415617,6,21829807,0.025678263796615204,0.0002395254661589224
2021-04-19,284415617,7,9902521,0.16644619773649602,0.0012044484401970376
2021-04-19,284415617,8,11676193,0.25580356046846286,0.0004930657706764417
2021-04-19,284415617,9,8613170,0.2825272667424066,0.005304896661989404
2021-04-19,284415617,10,9727182,-0.2325289333480894,0.006028693416214803
2021-04-19,284415617,11,11153106,-0.2984834015090947,0.0002256593308454092
2021-04-19,284415617,12,6620877,0.10343382970826732,0.004079049931738935
2021-04-19,284415617,13,18192939,0.4905683228098692,0.006685907494802428
2021-04-19,284415617,14,10959159,0.14731618871071386,0.006442707006859498
2021-04-19,284415617,15,7665316,0.10464462105309921,0.0038186581715458023
2021-04-19,284415617,16,4924800,0.10831464078595068,0.004054851800037346
2021-04-19,284415617,17,4531664,0.052197612695399055,0.0016741113496903967
2021-04-19,284415617,18,8554938,-0.36300616383639883,0.00047374226934940766
2021-04-19,284415617,19,5241432,0.22938156909636223,0.001432194905762258
2021-04-19,284415617,20,4383565,-0.09605285942320443,0.00023756220475975066
2021-04-19,284415617,21,26427656,-0.09400706789758029,0.006621064126172287
2021-04-19,284415617,22,17408239,-0.35904545966150664,0.0075703805079177415
2021-04-19,284415617,23,11701282,-0.1407100113012322,0.0035243022758614886
2021-04-19,284415617,24,22352484,0.09366723149475042,0.00446171751062819
2021-04-20,184809086,0,1098539,-0.6995227643422404,0.00709198237916843
2021-04-20,184809086,1,25439661,0.4079317280298069,0.013471123558787363
2021-04-20,184809086,2,12864004,-0.3131890867683825,0.004734893809558737
2021-04-20,184809086,3,22401986,0.14770959968607084,0.004459461335087334
2021-04-20,184809086,4,10648089,-0.409896332168223,0.00563317360978701
2021-04-20,184809086,5,7196855,0.0591842411217,0.002106226360147609
2021-04-20,184809086,6,6819459,0.12604727096334006,0.0035108432186624744
2021-04-20,184809086,7,5127309,-0.1972207679776844,0.0023413375860670813
2021-04-20,184809086,8,6832785,-0.213061771395227,0.004465782686081184
2021-04-20,184809086,9,7243197,0.03775487690567749,0.003759650677359001
2021-04-20,184809086,10,2874399,0.11101739496362627,0.002121360648439821
2021-04-20,184809086,11,5513743,-0.3711375999432719,0.0016381407575524394
2021-04-20,184809086,12,4186263,-0.43895680101799095,0.003053524714808836
2021-04-20,184809086,13,3530761,-0.33793481766227773,0.0007019977180167724
2021-04-20,184809086,14,4263500,-0.052092172690964084,0.0032792223502610446
2021-04-20,184809086,15,5831040,-0.14120677370289136,0.0004629877025539343
2021-04-20,184809086,16,7094685,-0.28449983689186265,0.0011856877621319757
2021-04-20,184809086,17,3882448,0.12000785262023503,0.008011313292641454
2021-04-20,184809086,18,5531994,0.3943766315677866,0.004945646274383644
2021-04-20,184809086,19,5099310,-0.03419134832183017,0.0023507560918821255
2021-04-20,184809086,20,5063663,-0.009146694146474968,0.0014082610757229189
2021-04-20,184809086,21,4806620,0.08084030673087655,0.001419253275567364
2021-04-20,184809086,22,3044462,-0.04557133178398155,0.003307394412187313
2021-04-20,184809086,23,8963405,0.16356996891858092,0.0030751310930088463
2021-04-20,184809086,24,9450909,0.2795051727790936,0.0007062571565738538
2021-04-21,125592579,0,1379709,0.810181395404017,0.006216082475499463
2021-04-21,125592579,1,13515220,-0.06969744283223961,0.018122217369015536
2021-04-21,125592579,2,10442381,-0.24300515959904556,0.00953757701537068
2021-04-21,125592579,3,10913030,0.19722415821675193,0.00378512014886129
2021-04-21,125592579,4,7083157,-0.02931338355089561,0.003076875346643327
2021-04-21,125592579,5,4865772,0.20681448892087706,0.0030737886607138027
2021-04-21,125592579,6,4267501,0.2618309506906421,0.004727922052599762
2021-04-21,125592579,7,2652611,0.21302250527065023,0.0018897131102186544
2021-04-21,125592579,8,3603392,0.1764167383922696,0.002128376545380453
2021-04-21,125592579,9,3134388,-0.15484931994245416,0.002602307131734914
2021-04-21,125592579,10,4343597,-0.21925277081899,0.0028271653935222703
2021-04-21,125592579,11,7716696,-0.11733880702911058,0.0018944062805983108
2021-04-21,125592579,12,5683505,0.0045473984099613715,0.0002289659271499809
2021-04-21,125592579,13,5748291,-0.008983706733648275,0.006802043655276168
2021-04-21,125592579,14,3190750,0.27630038796286577,0.0044582170429937115
2021-04-21,125592579,15,4137500,-0.2633311077369091,0.0016473669382275754
2021-04-21,125592579,16,3538200,0.08121572666549266,0.0030593063316590877
2021-04-21,125592579,17,2782602,0.05311106901628199,0.0023539634759509533
2021-04-21,125592579,18,2836381,-0.27133397636726714,0.00023440925109717873
2021-04-21,125592579,19,2800981,0.28273653332734117,1.2504021304072367e-06
2021-04-21,125592579,20,2651291,0.01657654979203745,0.0021144683242121246
2021-04-21,125592579,21,4471878,0.3994869086031423,0.002597711212131958
2021-04-21,125592579,22,5133199,0.3349760056865962,0.003772502612426053
2021-04-21,125592579,23,2944604,0.2724045229906449,0.0011810705621851053
2021-04-21,125592579,24,5755943,0.021500727932160336,0.0018894761460843373
2021-04-22,160982793,0,1076200,0.9728233517866129,0.010329054415005109
2021-04-22,160982793,1,17414806,-0.010466106669617248,0.0131252328158061
2021-04-22,160982793,2,10134079,-0.17417052512102094,0.003035991004538322
2021-04-22,160982793,3,6571704,-0.4343674619243662,0.0030420200035680585
2021-04-22,160982793,4,5375677,0.09733806617389629,0.004209978412988217
2021-04-22,160982793,5,5376453,-0.2902308540547328,0.003739994034942352
2021-04-22,160982793,6,3232688,0.11492456238006381,0.0035050422741072
2021-04-22,160982793,7,8430565,-0.04380904524354673,0.005133042489462031
2021-04-22,160982793,8,14248050,0.16699580149091386,0.0002510086912329931
2021-04-22,160982793,9,9019586,0.22362639988241428,0.00021324334437333836
2021-04-22,160982793,10,12946020,0.2066453247540223,0.004615289610676188
2021-04-22,160982793,11,6375373,0.025839211729874988,0.0034531606407090278
2021-04-22,160982793,12,4671891,0.26421622606539386,0.006447771383753022
2021-04-22,160982793,13,4111760,-0.3284531418906004,0.0034540615285191785
2021-04-22,160982793,14,3042205,-0.19931426743118527,0.00023096733145809586
2021-04-22,160982793,15,3385255,-0.33245633684346704,0.00300054522671274
2021-04-22,160982793,16,3088506,0.3669900814649372,0.005769972088904778
2021-04-22,160982793,17,3971734,-0.16118963006180045,0.005309920024543049
2021-04-22,160982793,18,4048904,-0.5071140610465973,0.0013876870856428488
2021-04-22,160982793,19,4809615,-0.027703290114880413,0.005310007316324084
2021-04-22,160982793,20,7503847,0.18889954527347352,0.003924870600357159
2021-04-22,160982793,21,4778307,0.3476455678466964,0.00046443716913430807
2021-04-22,160982793,22,3666013,-0.002595003637354252,0.0006957809353700244
2021-04-22,160982793,23,6027797,-0.15255468443041895,0.0037069140425590513
2021-04-22,160982793,24,7675758,0.025896355218514997,0.005094150703723108
2021-04-23,249789026,0,377100,-0.9069269609325918,0.001397947364996507
2021-04-23,249789026,1,21665341,-0.04254880425181909,0.013865959822643069
2021-04-23,249789026,2,26913681,0.014145025505254337,0.0019712324197701343
2021-04-23,249789026,3,18651307,0.2545170770751791,0.00932991087920861
2021-04-23,249789026,4,9323368,-0.3084328645428256,0.00022616551973313748
2021-04-23,249789026,5,13621714,0.19101271226799746,0.0029382050709996456
2021-04-23,249789026,6,11622578,-0.1783028751906404,0.00021429626641460996
2021-04-23,249789026,7,25049628,-0.24058052581211947,0.005558371572421364
2021-04-23,249789026,8,16155831,-0.10897571733794162,0.008484490074162031
2021-04-23,249789026,9,8384937,-0.057923206796026055,0.002891146709085125
2021-04-23,249789026,10,5935388,-0.10832169191279022,0.005338270307073635
2021-04-23,249789026,11,6488026,-0.2829697215009211,0.0051171334960686985
2021-04-23,249789026,12,6793927,0.4697588594731484,0.004006275079098402
2021-04-23,249789026,13,9375046,0.1011897226227027,0.003341611106977226
2021-04-23,249789026,14,6954186,0.14659044543986208,0.0013356314817176698
2021-04-23,249789026,15,5067249,0.6352972139857378,0.0002242259797345397
2021-04-23,249789026,16,4485268,-0.3971308163310686,0.002457595292193111
2021-04-23,249789026,17,3894651,-0.2826955445332774,0.0024567484901768448
2021-04-23,249789026,18,4058951,0.11529740810664743,0.0013445879327645457
2021-04-23,249789026,19,8235911,-0.06798337223373217,0.0018080771177027065
2021-04-23,249789026,20,7688584,-0.26515749337693834,0.00539691853804361
2021-04-23,249789026,21,5535108,0.28718192509081725,0.0015675260231469885
2021-04-23,249789026,22,6416360,0.08016190336979924,0.0024707246566852722
2021-04-23,249789026,23,6736619,-0.11170057412776067,0.00044711076235603845
2021-04-23,249789026,24,10358267,-0.18570605919798613,0.0013424663663265956
2021-04-26,253329454,0,1540900,-0.7154066635496921,0.0093419365694316
2021-04-26,253329454,1,27975364,-0.012004639432923488,0.015554937888191723
2021-04-26,253329454,2,18140352,-0.4078260805157765,0.012436355016860554
2021-04-26,253329454,3,16622299,-0.18745937194644505,0.0022448319821123486
2021-04-26,253329454,4,12685674,-0.17270759547183115,0.002211487556068184
2021-04-26,253329454,5,9713032,0.011148595631023927,0.007055950907132187
2021-04-26,253329454,6,9491689,0.1863630174617743,0.004627819308481318
2021-04-26,253329454,7,8960666,0.11634506354720878,0.003119696662542597
2021-04-26,253329454,8,8382019,0.11674825674222492,0.004674453417726692
2021-04-26,253329454,9,4947200,-0.08778491592899637,0.0042225910066135
2021-04-26,253329454,10,3836091,0.2298107740370636,0.006221718526105999
2021-04-26,253329454,11,5855612,0.0005087073994901742,0.005097264889340656
2021-04-26,253329454,12,4724397,0.11609218049484683,0.009535928226806867
2021-04-26,253329454,13,5375056,0.04411009610288505,0.006659763588074793
2021-04-26,253329454,14,3372109,0.0851451585533921,0.00022309647042767814
2021-04-26,253329454,15,6996408,-0.2881304758978637,0.0037905509205074374
2021-04-26,253329454,16,6917488,0.19078092700339666,0.0006576391765593814
2021-04-26,253329454,17,16894289,-0.09662844207306852,0.0029447809993345766
2021-04-26,253329454,18,13935766,-0.16979801928869717,0.00676265691073363
2021-04-26,253329454,19,8297351,0.174091458932979,0.002486448719235119
2021-04-26,253329454,20,5938642,-0.029284964549968637,0.005192579109937214
2021-04-26,253329454,21,9816958,0.09482466557500326,0.004737008854880179
2021-04-26,253329454,22,6544836,0.03362286484205758,0.0006783462339125052
2021-04-26,253329454,23,13224246,0.12134563743535148,0.002724923706066819
2021-04-26,253329454,24,23141010,0.08087371611631629,0.0006591546455651733
2021-04-27,303174033,0,8392000,-0.39941256411380477,0.016274929749230817
2021-04-27,303174033,1,45598172,-0.33157218101581487,0.029949869726590778
2021-04-27,303174033,2,39939949,0.15959406282840746,0.01935569656862839
2021-04-27,303174033,3,15379000,-0.28508324639793947,0.01096653663621087
2021-04-27,303174033,4,16770449,0.1306192855019158,0.006339292873305012
2021-04-27,303174033,5,13285321,0.0819554482929323,0.004698401214254383
2021-04-27,303174033,6,24465526,0.25728791624952085,0.011405195338968426
2021-04-27,303174033,7,26531191,-0.13654721189538763,0.01403518132705435
2021-04-27,303174033,8,11553263,0.0026774762262772515,0.0007031834621495414
2021-04-27,303174033,9,7413106,-0.4388202659404189,0.004997790184801675
2021-04-27,303174033,10,6237312,0.006021545116072972,0.000720227331081908
2021-04-27,303174033,11,6936050,-0.3744617241138956,0.005959110677825077
2021-04-27,303174033,12,3688459,0.09210355867072907,0.004287671229463321
2021-04-27,303174033,13,5422705,0.44098088808708086,0.0033428924606254003
2021-04-27,303174033,14,8684236,-0.43518515919543777,0.005012820373159692
2021-04-27,303174033,15,5753284,0.24013220974765603,0.004755582702263189
2021-04-27,303174033,16,6120161,0.026285796502460185,0.0035819042255675285
2021-04-27,303174033,17,10329967,0.03786040079214178,0.00022918640298974483
2021-04-27,303174033,18,6916267,-0.06964622547697129,0.00024264850786508458
2021-04-27,303174033,19,4909756,-0.07338202734582674,0.0037625377295255457
2021-04-27,303174033,20,4139368,0.2601385893054244,0.004464836153129975
2021-04-27,303174033,21,4010772,-0.11650783362622569,0.003053524817804703
2021-04-27,303174033,22,6310027,-0.3196065035794193,0.0007042505739513373
2021-04-27,303174033,23,6276691,-0.03407836905825024,0.003985104970839487
2021-04-27,303174033,24,8111001,0.15698989251945097,0.004216489340031702
2021-04-28,229118095,0,1922392,-0.8796634817945825,0.0030584324666135254
2021-04-28,229118095,1,29523402,-0.09036642344062626,0.02649417301332739
2021-04-28,229118095,2,20123317,0.04704180841266369,0.015901383591457145
2021-04-28,229118095,3,22677056,0.13239076476183187,0.0041051022669011325
2021-04-28,229118095,4,16839145,0.06852756532379087,0.006330772405533949
2021-04-28,229118095,5,8901698,-0.3064792502349246,0.007466305601908205
2021-04-28,229118095,6,11423451,0.1181601096829349,0.0026749611576955
2021-04-28,229118095,7,20683159,0.03206246979851403,0.0019430037946664067
2021-04-28,229118095,8,14409094,0.23091814049383813,0.01156259022360381
2021-04-28,229118095,9,8233294,0.19264626253520362,0.0004290579474344722
2021-04-28,229118095,10,6010594,-0.025052302388604623,0.0011073106365826022
2021-04-28,229118095,11,6957160,-0.1916906857803093,0.00023047843953821526
2021-04-28,229118095,12,2416988,-0.10339800870977892,0.0038156714218772355
2021-04-28,229118095,13,3148507,-0.2832804841467017,0.0006751080171398312
2021-04-28,229118095,14,3357768,0.2742859780224707,0.0015687517832995834
2021-04-28,229118095,15,3903302,0.09274512585389987,0.0015684677241320619
2021-04-28,229118095,16,4347679,-0.04555917100059119,0.00044852881071871066
2021-04-28,229118095,17,3186160,-0.029207425908134067,0.001343316477163246
2021-04-28,229118095,18,5476443,0.2616185815199342,0.0064748596974330995
2021-04-28,229118095,19,3489411,-0.4183785326791049,0.008251753590894317
2021-04-28,229118095,20,3495501,0.15049724574302278,0.0024493650702989917
2021-04-28,229118095,21,3090628,0.15820454865032557,7.045546387003098e-08
2021-04-28,229118095,22,5018346,0.05710397959618872,0.0011176727259587474
2021-04-28,229118095,23,6410350,-0.28786463033820026,0.0031282275294414134
2021-04-28,229118095,24,14073250,-0.2955303244128901,4.506318477491338e-06
2021-04-29,223661027,0,1102679,-0.1260039771700111,0.0037887883812995323
2021-04-29,223661027,1,29484644,-0.120293794413889,0.018987059842656136
2021-04-29,223661027,2,20517792,0.06396230590267599,0.018944965510530286
2021-04-29,223661027,3,18211622,-0.1403323603997314,0.0030556035085126322
2021-04-29,223661027,4,11619858,-0.0742611059353182,0.0028392814820283317
2021-04-29,223661027,5,11036597,0.018722884464165746,0.007628354258837487
2021-04-29,223661027,6,17365032,0.0017429771973164682,0.01023223266605964
2021-04-29,223661027,7,11396139,0.01829375032166863,0.0021656368501843373
2021-04-29,223661027,8,6611120,0.14049737243857977,0.0004322827231722163
2021-04-29,223661027,9,11585420,-0.21544716405056036,0.005304372463843799
2021-04-29,223661027,10,11315529,0.14493031325327838,0.009491997889255524
2021-04-29,223661027,11,4228920,-0.34670557069437047,0.003982111001981884
2021-04-29,223661027,12,4052185,0.3127542522233261,0.003537677874273962
2021-04-29,223661027,13,4792473,0.04528236622469808,0.0066409782761992255
2021-04-29,223661027,14,4304135,-0.3619259404713158,0.005761538743382759
2021-04-29,223661027,15,4022073,0.09328451296225752,0.004669128888506386
2021-04-29,223661027,16,7810673,0.11705796859171402,0.005562979541550678
2021-04-29,223661027,17,5364339,-0.02891831543045207,0.0024489440672775266
2021-04-29,223661027,18,4207957,0.14901331110924027,0.0013343037634756466
2021-04-29,223661027,19,2859615,0.05153066913196449,0.00044514050160401295
2021-04-29,223661027,20,3061431,-0.04057191959176236,0.0008869316356791015
2021-04-29,223661027,21,3965268,-0.06648400573997192,0.00021871128559671193
2021-04-29,223661027,22,6911332,-0.12798909375151327,0.0017599694926435912
2021-04-29,223661027,23,8008115,0.3402656635262891,0.0037503423036769758
2021-04-29,223661027,24,9826079,-0.10869336533068266,0.0019868408186086662
2021-04-30,169229743,0,817000,-0.8056163004616613,0.0004351054326499164
2021-04-30,169229743,1,19244694,-0.1131530873659091,0.01167870890806264
2021-04-30,169229743,2,12294889,-0.005599524808700774,0.010123976487824779
2021-04-30,169229743,3,12955572,0.36368658545789107,0.00610303156942439
2021-04-30,169229743,4,7927772,0.09548268649165997,0.011768903162238347
2021-04-30,169229743,5,7290225,-0.07499379941974554,0.007634073765148786
2021-04-30,169229743,6,5462340,-0.06887348054645179,0.00196779664318531
2021-04-30,169229743,7,5874019,-0.44800498660070903,0.0030551341565683084
2021-04-30,169229743,8,7660946,0.028733133260560425,0.0021826983446621966
2021-04-30,169229743,9,3904425,-0.03423976952822835,0.001742447529566827
2021-04-30,169229743,10,5806138,-0.12768716498169855,0.003918699300149696
2021-04-30,169229743,11,5809462,0.02704002107812342,9.610554807090444e-06
2021-04-30,169229743,12,5287383,0.05956889339605415,0.007379818507586743
2021-04-30,169229743,13,4948200,0.15814115637108356,0.0028138830010893557
2021-04-30,169229743,14,8356830,0.13357393980466195,0.001980323015390791
2021-04-30,169229743,15,7447915,0.22530467582643693,0.0037244377036754228
2021-04-30,169229743,16,8381215,-0.01577022530437059,0.003084989060452389
2021-04-30,169229743,17,4470633,0.1670164039601336,0.0026419489776036056
2021-04-30,169229743,18,4465122,-0.15392442718366495,0.006824998689299314
2021-04-30,169229743,19,3665113,-0.18769369895602697,0.007697709812430732
2021-04-30,169229743,20,2940331,0.0018003925149913023,0.0008764179944651583
2021-04-30,169229743,21,3812628,-0.11218524060487398,0.0035107853645330147
2021-04-30,169229743,22,5460727,0.2677069362727401,0.003070635547304686
2021-04-30,169229743,23,6664156,-0.06080061455555232,6.781861730895733e-08
2021-04-30,169229743,24,8282008,-0.28048085891560576,0.0008770996396643531
2021-05-06,193478051,0,1520415,0.9942171461616308,0.0013213415739333437
2021-05-06,193478051,1,25619868,0.29930389836710297,0.004217933966157705
2021-05-06,193478051,2,11769427,-0.3860897944908884,0.010182019921322217
2021-05-06,193478051,3,11097024,-0.18559104696124334,0.0028836082673119
2021-05-06,193478051,4,5552177,-0.19201872983515056,0.0011049580048477024
2021-05-06,193478051,5,17871640,-0.5377382793462607,0.012721176988775033
2021-05-06,193478051,6,20137184,-0.10234373079088613,0.010229529674772843
2021-05-06,193478051,7,8010503,0.24212085401799185,0.0024811854803808006
2021-05-06,193478051,8,6231748,-0.022232591432177238,0.0011332922467177224
2021-05-06,193478051,9,6503708,0.148444735705974,0.00022369198101120208
2021-05-06,193478051,10,15682965,-0.0897818449372288,0.005258253272733278
2021-05-06,193478051,11,6285943,0.3123839263290948,0.012785929353498501
2021-05-06,193478051,12,3079810,-0.2598816184253588,0.005029757476600591
2021-05-06,193478051,13,5702586,-0.06709678285337316,0.0009041446948107953
2021-05-06,193478051,14,3260118,0.1740078363483241,0.0015875110916131582
2021-05-06,193478051,15,2563043,0.28877184903575726,0.0004525483554067266
2021-05-06,193478051,16,3765099,-0.3593660166755646,0.0004525483554067266
2021-05-06,193478051,17,2404322,0.19007440278359972,0.0036143214089040428
2021-05-06,193478051,18,3426530,-0.4090205478330309,0.0015861723798453167
2021-05-06,193478051,19,5652612,-0.041564125653140785,0.0006691846439524633
2021-05-06,193478051,20,4529931,-0.09498608108513718,0.004939384124414591
2021-05-06,193478051,21,3571091,-0.013519352953328316,0.002469584713841455
2021-05-06,193478051,22,5747258,0.060557700971577165,7.162632389494937e-08
2021-05-06,193478051,23,4501014,-0.3363405478822123,0.00045017143858513704
2021-05-06,193478051,24,8992035,0.30147162154065865,0.002930854765196987
2021-05-07,159913030,0,715400,0.9519422791986085,0.009227073545636427
2021-05-07,159913030,1,9164320,0.16808223078485068,0.011688430262211655
2021-05-07,159913030,2,12070221,-0.35214689244518904,0.0004924752946838818
2021-05-07,159913030,3,12068027,-0.23464702773755025,0.0013278032627448086
2021-05-07,159913030,4,7555079,0.195860559837583,0.010932874754677888
2021-05-07,159913030,5,3827852,0.17382194121008654,0.00955256243197041
2021-05-07,159913030,6,4629633,-0.13515739883561714,0.002951485471711241
2021-05-07,159913030,7,3343640,-0.07728863996977167,0.0009094622233615676
2021-05-07,159913030,8,5280084,0.4360244784851219,0.004782781165653471
2021-05-07,159913030,9,5084717,0.16417303003855366,0.006382005525655361
2021-05-07,159913030,10,2799700,0.0039097092199974854,0.0052458775413722
2021-05-07,159913030,11,5181646,-0.3728481589592296,0.0011355894099006046
2021-05-07,159913030,12,3057921,0.0413396321650255,0.001372504905512466
2021-05-07,159913030,13,9071933,-0.37116351067882175,0.006678546514426929
2021-05-07,159913030,14,6645516,-0.0719146354570001,0.009217696767218751
2021-05-07,159913030,15,3356384,-0.006531907826910498,0.0034641370738055857
2021-05-07,159913030,16,5373714,-0.06073755235152014,0.0011597496913010184
2021-05-07,159913030,17,7291405,-0.21595148261307145,0.001154071075687957
2021-05-07,159913030,18,6642813,0.21084502826529614,0.0011654842817785229
2021-05-07,159913030,19,9300600,-0.10248785636040995,0.0035215438648767286
2021-05-07,159913030,20,10636109,-0.03167692272514191,0.007254435245196393
2021-05-07,159913030,21,5246566,0.10616956428235813,0.002111117252289743
2021-05-07,159913030,22,7022381,-0.15817050596076812,0.0009380407477069067
2021-05-07,159913030,23,5689093,0.2053950298928001,0.002340562486627506
2021-05-07,159913030,24,8858276,-0.10558461384931284,0.003978585212377308
2021-05-10,135591358,0,995000,-0.9367543481385655,0.00023177742066466593
2021-05-10,135591358,1,19468404,-0.21408668602374434,0.007084876514260594
2021-05-10,135591358,2,14002848,0.22559233773951978,0.014634376095351554
2021-05-10,135591358,3,7000857,-0.012803933928285265,0.009677660424881815
2021-05-10,135591358,4,5803355,0.09664437535489583,0.008243837267412834
2021-05-10,135591358,5,3989566,0.14114145283449508,0.007529402079120272
2021-05-10,135591358,6,4176218,-0.20709881737173533,0.0016429074296884123
2021-05-10,135591358,7,4597516,0.2787613802204745,0.0028262304790335584
2021-05-10,135591358,8,3241303,0.49176169197128544,0.0028249759095894966
2021-05-10,135591358,9,2739637,0.2435281594375073,0.0011766680437579186
2021-05-10,135591358,10,2666934,-0.0938776877144568,0.0025932383217936853
2021-05-10,135591358,11,3144162,0.3772632802112365,0.0014124806625797706
2021-05-10,135591358,12,4314140,-0.217205302131506,0.00023550221485660753
2021-05-10,135591358,13,2978370,-0.03659319753616441,0.00023621310677754
2021-05-10,135591358,14,6702000,0.2693463127027141,0.00475719229593633
2021-05-10,135591358,15,7161548,0.23001411057403562,0.006423029172199648
2021-05-10,135591358,16,6770875,-0.14005745655181057,2.006771080714337e-06
2021-05-10,135591358,17,3535266,0.2323255998653116,0.0011842219947414752
2021-05-10,135591358,18,4176292,0.2475201043901805,0.0061773737524602875
2021-05-10,135591358,19,3657619,0.04919002851765896,0.004517546642056635
2021-05-10,135591358,20,3494772,0.17336752765981964,0.0028606112320747976
2021-05-10,135591358,21,3725950,0.4765820105490228,0.0023847674149352002
2021-05-10,135591358,22,4874778,-0.008210944442553074,0.0016684681194036896
2021-05-10,135591358,23,4218802,-0.019417241658201106,0.0023835611311904567
2021-05-10,135591358,24,8155146,0.06641954543627092,0.00782357224226153
2021-05-11,169782423,0,839335,0.4088669950738916,0.013980121725719238
2021-05-11,169782423,1,11636873,-0.10993687165845843,0.008534340822487031
2021-05-11,169782423,2,12081009,-0.12684877701876898,0.00977817870603404
2021-05-11,169782423,3,6434518,-0.13445058989019795,0.010272876121938111
2021-05-11,169782423,4,4065786,-0.350542719617879,0.00023027156992186664
2021-05-11,169782423,5,3961407,0.34729548019965734,0.005252867489824659
2021-05-11,169782423,6,4220457,0.04718079222426893,0.004060243187560567
2021-05-11,169782423,7,13342219,-0.39508854169567853,0.007580085743812537
2021-05-11,169782423,8,10679372,0.07135339145053528,0.011847994295801443
2021-05-11,169782423,9,4232400,0.20692512214849682,0.0028340991093406707
2021-05-11,169782423,10,2353764,0.11702087991654923,0.0
2021-05-11,169782423,11,2177062,-0.19552966388958373,0.0
2021-05-11,169782423,12,3991710,-0.3164759775416677,0.0051872020502365165
2021-05-11,169782423,13,4889664,0.10511829752700803,0.005657196604719523
2021-05-11,169782423,14,9748206,0.08477054225148074,0.006322591954950582
2021-05-11,169782423,15,10267381,0.22787003614424917,0.004920660815899697
2021-05-11,169782423,16,6465821,0.14572355078827728,0.0023303024612372453
2021-05-11,169782423,17,6209472,0.18441174267920774,0.005121213732173879
2021-05-11,169782423,18,13200687,-0.04835601474743105,0.007329518313830433
2021-05-11,169782423,19,11031749,-0.239342806209612,0.01701761125212435
2021-05-11,169782423,20,6294721,0.14476123370451072,0.005273698053403269
2021-05-11,169782423,21,4324537,0.28098085058105093,0.00046088097573840527
2021-05-11,169782423,22,4158814,-0.2709466125178739,0.001386106647546951
2021-05-11,169782423,23,5628390,0.09774138908236325,0.005076770378819871
2021-05-11,169782423,24,7547069,-0.5655923587300655,0.005072556600407965
2021-05-12,111928307,0,1481900,-0.9867793361023279,0.009076738270405683
2021-05-12,111928307,1,13532648,0.3206129850411829,0.01651873483572405
2021-05-12,111928307,2,7606642,0.2219557668231097,0.01025542107405719
2021-05-12,111928307,3,5073420,0.009772080603396347,0.005126667334788195
2021-05-12,111928307,4,3960511,-0.5258621425751722,0.0002324825550788477
2021-05-12,111928307,5,7814120,0.0458441671226566,0.005376716336056611
2021-05-12,111928307,6,6008160,-0.3661827378670655,0.004443549877711167
2021-05-12,111928307,7,3902016,-0.261958177723932,0.003977120585609678
2021-05-12,111928307,8,2824989,-0.03697746901046992,0.004677341914842104
2021-05-12,111928307,9,2419854,-0.29238791544229864,0.0021076186852769926
2021-05-12,111928307,10,1775053,0.1909498046344911,0.0056156800290188364
2021-05-12,111928307,11,2867761,0.23171930636570962,0.003976418666172396
2021-05-12,111928307,12,1419086,0.12482679347300708,0.0007006059137438948
2021-05-12,111928307,13,2836495,0.16897666035596953,0.0009378066141402985
2021-05-12,111928307,14,2537898,-0.12794291229662533,0.001171210837323571
2021-05-12,111928307,15,5346547,0.07852373210657865,7.783922968290125e-08
2021-05-12,111928307,16,2622820,0.12240405656939744,0.002109640574726179
2021-05-12,111928307,17,2530560,-0.13153784880619848,0.0021090967824707414
2021-05-12,111928307,18,3002002,-0.14101095736995164,0.0014038410934565737
2021-05-12,111928307,19,4761472,-0.11865447586193452,0.001163949332990751
2021-05-12,111928307,20,3749768,-0.13899755641527112,0.0009205897190054983
2021-05-12,111928307,21,4509220,0.088625779789458,0.003254277583742767
2021-05-12,111928307,22,5660818,-0.18386739389906592,0.0006954009226462399
2021-05-12,111928307,23,6614076,-0.10785909576184986,0.0016227542112189038
2021-05-12,111928307,24,7070471,-0.2299303869117756,0.00023103931680812492
2021-05-13,112671019,0,1186200,0.8673061550759392,0.009831524885025434
2021-05-13,112671019,1,10143316,-0.40225436304749695,0.014757802305527715
2021-05-13,112671019,2,6688543,-0.14936366648935862,0.00446429875533514
2021-05-13,112671019,3,4925996,0.32433975504021384,0.00023456841163788732
2021-05-13,112671019,4,9973919,0.012403779564438291,0.0032935622585073504
2021-05-13,112671019,5,3148936,-0.12999129520656746,0.0072903634387494615
2021-05-13,112671019,6,2242502,-0.19090915811513653,0.004936944984763234
2021-05-13,112671019,7,2793256,-0.1922088355264109,0.004926415650227092
2021-05-13,112671019,8,3776200,0.015990813994657346,0.0014153150416440627
2021-05-13,112671019,9,2431500,-0.15928405854148014,0.002568636264212033
2021-05-13,112671019,10,6041417,-0.24305578124079866,0.008356927786835226
2021-05-13,112671019,11,6946880,0.20709685778344267,0.007659603284429248
2021-05-13,112671019,12,5431900,0.4348563369570548,0.0016163200453278067
2021-05-13,112671019,13,3431700,-0.07791010842253851,0.0011543847414197987
2021-05-13,112671019,14,10423820,-0.07463513279648451,0.0057590927351044464
2021-05-13,112671019,15,4048054,-0.2147478861695437,0.009900582776793423
2021-05-13,112671019,16,3485033,0.41410447057756666,0.004834241989130511
2021-05-13,112671019,17,3321240,-0.1419116353557627,0.0046264659710657675
2021-05-13,112671019,18,2836384,0.00616017512193523,0.004396936481782749
2021-05-13,112671019,19,2314400,0.2855282921627017,0.0016214634904211027
2021-05-13,112671019,20,2062540,0.11008114346720209,0.002084912943163795
2021-05-13,112671019,21,2657478,0.36439190588848774,0.0020869639915134814
2021-05-13,112671019,22,3171318,-0.10087332236689633,0.004636769931970198
2021-05-13,112671019,23,3249377,0.15282223072451362,0.002318384965985099
2021-05-13,112671019,24,5939110,0.4313386713835379,0.0009264420338521164
2021-05-14,446816960,0,881044,0.8754669987546699,0.009907889753677084
2021-05-14,446816960,1,39279721,-0.357830750517691,0.006410728895473061
2021-05-14,446816960,2,19013032,0.27063547642817554,0.0171857267999339
2021-05-14,446816960,3,11123469,-0.11630975459444055,0.0004548039550627902
2021-05-14,446816960,4,10957538,-0.2542198771124008,0.008525817648901838
2021-05-14,446816960,5,21492024,0.009203384146943706,0.0013839714449910253
2021-05-14,446816960,6,19406516,0.085990879018154,0.002901328896224813
2021-05-14,446816960,7,21470846,0.20178840919610136,0.0021951730027063025
2021-05-14,446816960,8,10090207,-0.09781530639553626,0.0015028140987407366
2021-05-14,446816960,9,17433713,-0.44602714235211843,0.0024280802928765095
2021-05-14,446816960,10,20627317,-0.48190254947430156,0.003647119954687101
2021-05-14,446816960,11,27573924,-0.22445033102955864,0.0024114487618441993
2021-05-14,446816960,12,16628580,0.2727075120409877,0.0030048292988052463
2021-05-14,446816960,13,15368955,0.0014549754168509032,0.0008467427208671587
2021-05-14,446816960,14,16371763,-0.41121985785866033,0.003581130561344132
2021-05-14,446816960,15,15052879,-0.17169758728940862,0.004238198323931838
2021-05-14,446816960,16,15580013,-0.08033990592041972,0.0033651736577499517
2021-05-14,446816960,17,10148625,0.2482408780326883,0.0006375269880606498
2021-05-14,446816960,18,15239682,0.2997097469852195,0.009466913823293685
2021-05-14,446816960,19,18198063,-0.3037745150056187,0.002352837364674617
2021-05-14,446816960,20,15903571,-0.1851640540159649,0.001684884873642164
2021-05-14,446816960,21,24719075,-0.08156485325249843,0.001220792126479727
2021-05-14,446816960,22,16177923,-0.14723000295128072,0.0028924518103594418
2021-05-14,446816960,23,20732337,0.3177843204919195,0.003876126084230337
2021-05-14,446816960,24,27346143,0.08756016062921292,0.012270090600671251
2021-05-17,313182692,0,4232100,-0.4410068907326677,0.0031910086750902805
2021-05-17,313182692,1,55068148,0.12476427370307586,0.024395479960290314
2021-05-17,313182692,2,38443789,0.17900108703945183,0.025373960391112536
2021-05-17,313182692,3,17344996,-0.12858123101666266,0.014234202218238503
2021-05-17,313182692,4,17730749,-0.018456909872679336,0.005931090166156779
2021-05-17,313182692,5,17659997,0.10398673780324892,0.013544441268384909
2021-05-17,313182692,6,11333866,0.2830105872259685,0.004710589443578517
2021-05-17,313182692,7,11534065,0.014882946523621888,0.003072986391329172
2021-05-17,313182692,8,9437797,0.21927531663727187,0.0014409539616927738
2021-05-17,313182692,9,7535590,0.24585778362783564,0.007980888616258328
2021-05-17,313182692,10,6713813,0.1659104488242512,0.006965668445293098
2021-05-17,313182692,11,5811566,0.21981326565906528,0.00041146688734693967
2021-05-17,313182692,12,4794065,0.11023072740385549,0.0006160957640454944
2021-05-17,313182692,13,6840724,0.1773267125073018,0.0016415122565246693
2021-05-17,313182692,14,8155391,-0.009652474687111506,0.006165995765905303
2021-05-17,313182692,15,7812320,0.026432450927461316,0.004523464723049853
2021-05-17,313182692,16,4592961,-0.03565554023235228,0.0028844119779895946
2021-05-17,313182692,17,5061078,-0.07035725944841392,0.0055625200418395
2021-05-17,313182692,18,5904496,-0.017215494796640547,0.0028844722215049133
2021-05-17,313182692,19,10343500,0.1018831504525025,0.0020675651607586663
2021-05-17,313182692,20,6005159,-0.14719202240506074,0.003308829577547869
2021-05-17,313182692,21,14641401,-0.30450591088663365,0.0067742739543345115
2021-05-17,313182692,22,17445251,-0.0009182686650327737,0.009857229769837128
2021-05-17,313182692,23,7679460,0.286992022446026,0.0008270265768629129
2021-05-17,313182692,24,11060410,-0.1782352176522507,0.0010214096447894183
2021-05-18,215530400,0,1303992,0.9955017363297767,0.0016473083307869088
2021-05-18,215530400,1,24336150,-0.3164694210346628,0.008809498731706663
2021-05-18,215530400,2,47140308,-0.08713904164714811,0.00030954383060958314
2021-05-18,215530400,3,24347929,-0.12917709990328344,0.015982636167976873
2021-05-18,215530400,4,11336377,-0.12683048242552192,0.0050387613875670185
2021-05-18,215530400,5,10980162,-0.23567741192192668,0.0018316178224184118
2021-05-18,215530400,6,6019888,0.23915529624457832,0.0024571866924247617
2021-05-18,215530400,7,6135488,0.24263238645808932,0.004298883636554639
2021-05-18,215530400,8,3522129,-0.07724366465373911,0.002446016812886041
2021-05-18,215530400,9,3966800,-0.04586902050345068,0.006327957922897966
2021-05-18,215530400,10,4189255,0.01407028794220022,0.0014249299748715887
2021-05-18,215530400,11,4187955,0.15051822431805584,0.0012340286444479612
2021-05-18,215530400,12,3707171,0.11749593746545114,0.004718479709070753
2021-05-18,215530400,13,4898197,-0.010609800345436448,0.005541889650569979
2021-05-18,215530400,14,3358275,-0.19055009143887575,0.004929489949841658
2021-05-18,215530400,15,4049471,-0.25496845309212146,0.0032660483764457675
2021-05-18,215530400,16,6621860,-0.26311964235745433,0.004706618194443719
2021-05-18,215530400,17,3880580,0.3214136494036185,0.0024496228066274756
2021-05-18,215530400,18,2754400,0.019764910896480505,0.0010177859447067894
2021-05-18,215530400,19,4205138,0.04935451834321071,2.13622299167254e-06
2021-05-18,215530400,20,4330022,0.053155786289051425,0.0016403815328002779
2021-05-18,215530400,21,4859146,-0.041272795038049995,0.003679424069734484
2021-05-18,215530400,22,4889478,-0.2173304551015104,0.005927135266647539
2021-05-18,215530400,23,5845884,0.1552512338412478,0.0006098212031286174
2021-05-18,215530400,24,14664345,0.14174893991659795,0.0012340286444479612
2021-05-19,227609886,0,1230292,0.8974534267646556,0.0012469656080969507
2021-05-19,227609886,1,18339964,-0.031123538776745528,0.007211696575331897
2021-05-19,227609886,2,10793927,0.14775872114511607,0.0010047093092982135
2021-05-19,227609886,3,14231997,0.2513052768279497,0.0018575434261603764
2021-05-19,227609886,4,15724930,-0.04003342553855095,0.009054408356845161
2021-05-19,227609886,5,28411070,-0.40041937496345775,0.005527275608629402
2021-05-19,227609886,6,34854694,0.14623032482194134,0.000732830093240716
2021-05-19,227609886,7,12337032,0.2243966283665195,0.013820429598952954
2021-05-19,227609886,8,11849979,-0.10372368644845952,0.004127108891035243
2021-05-19,227609886,9,6548693,0.3625175227010624,0.002783105908441234
2021-05-19,227609886,10,5711008,0.5277704017196385,0.0029814806554812356
2021-05-19,227609886,11,4769770,0.0015124567420349553,0.006959588369798178
2021-05-19,227609886,12,3300575,-0.0598677643364072,0.007360924150719283
2021-05-19,227609886,13,4627848,0.12391833758260454,0.008163274854953944
2021-05-19,227609886,14,4876161,-0.08321032955041746,0.006377538219308525
2021-05-19,227609886,15,2795776,-0.0328628674291161,0.0015970798007569217
2021-05-19,227609886,16,3812161,0.5326443244752844,0.002797261329939682
2021-05-19,227609886,17,6689116,-0.03408504394979912,0.001595039253111177
2021-05-19,227609886,18,3718790,-0.14789680184613135,0.002003930531401785
2021-05-19,227609886,19,3898038,-0.11336901492093747,0.002406035362161052
2021-05-19,227609886,20,5437301,0.07001126261254093,0.005208957217535238
2021-05-19,227609886,21,5605635,-0.032628514511900575,0.003604630309947466
2021-05-19,227609886,22,4055120,0.28998457001781136,0.0009994443800801557
2021-05-19,227609886,23,5073745,-0.16692425405016958,0.00019887052588312543
2021-05-19,227609886,24,8916264,-0.08299993825353948,0.0006026151160648272
2021-05-20,227849181,0,1001100,-0.8152368048284782,0.004606396174800902
2021-05-20,227849181,1,20270140,0.06141302169917703,0.0015745594939654526
2021-05-20,227849181,2,16327477,0.26682615489961786,0.008557499665781437
2021-05-20,227849181,3,22242130,0.25807108823534425,0.014076625259103236
2021-05-20,227849181,4,13008102,0.027212411287381787,0.01423951070884219
2021-05-20,227849181,5,8280502,-0.09964718690911303,0.005325036806868324
2021-05-20,227849181,6,8628036,-0.34166502934435694,0.008520965872320829
2021-05-20,227849181,7,6813198,-0.06498630163751432,0.007736186718935215
2021-05-20,227849181,8,4327896,0.3133597441507679,0.0007967961962923554
2021-05-20,227849181,9,3970430,-0.23201457850242083,0.0005974148026186551
2021-05-20,227849181,10,5391637,-0.35685847523335995,0.003990679360724428
2021-05-20,227849181,11,3267273,0.006735568448475237,0.0063881029164282324
2021-05-20,227849181,12,3038643,-0.2298009781207015,0.001998941279062528
2021-05-20,227849181,13,2419683,0.008677128110020976,0.0015934802388687845
2021-05-20,227849181,14,4285222,0.022229760890807214,0.001195222396075669
2021-05-20,227849181,15,3364975,0.17255519756262053,0.0017891652545596283
2021-05-20,227849181,16,3467576,0.4658751803386947,0.002982372853617186
2021-05-20,227849181,17,2397374,0.17560290526050848,0.001390853036116289
2021-05-20,227849181,18,5727186,-0.1340575456697287,0.002772469179790054
2021-05-20,227849181,19,5049571,0.09252581731367462,0.00475372325449468
2021-05-20,227849181,20,14718970,0.0021907284350605833,0.007105926613952254
2021-05-20,227849181,21,34911086,0.16188227067534772,0.0029755125736988302
2021-05-20,227849181,22,13657865,0.26937023399101606,0.0076550892493184915
2021-05-20,227849181,23,11259682,-0.08776644685331803,0.0009572659506212114
2021-05-20,227849181,24,10023427,0.028651605151867637,0.0047448122078651124
2021-05-21,224919464,0,1180400,-0.6661879439506269,0.0007896184364071274
2021-05-21,224919464,1,29764626,0.30107676117166937,0.016754728824025598
2021-05-21,224919464,2,22742833,-0.1372989419380431,0.01718795850637731
2021-05-21,224919464,3,18254306,0.09422152127907919,0.007063745191543498
2021-05-21,224919464,4,23968928,-0.27148054661144305,0.002002054887518484
2021-05-21,224919464,5,11187197,-0.03886687363222002,0.007105743111254507
2021-05-21,224919464,6,6649942,0.00741070031848986,0.006288840990909377
2021-05-21,224919464,7,7567549,-0.15990275083514097,0.004459326953008807
2021-05-21,224919464,8,5008202,0.1271937983404322,0.005475139196643547
2021-05-21,224919464,9,4769372,0.2520040664235644,0.002024571621969962
2021-05-21,224919464,10,5124123,0.22381555551125726,2.1116829744083973e-06
2021-05-21,224919464,11,11738412,-0.37875816187326816,0.0006107137242492297
2021-05-21,224919464,12,4946295,-0.41406394196905644,0.0022439307732051014
2021-05-21,224919464,13,4760271,-0.23026385085384823,0.00019946453270902698
2021-05-21,224919464,14,3734900,-0.355899310858882,0.00162793083383483
2021-05-21,224919464,15,3452100,0.003864570869003485,0.0012195587109070623
2021-05-21,224919464,16,3118123,0.304095929005717,0.002438942390770679
2021-05-21,224919464,17,3959080,-0.3064402191686798,0.0024383583386832944
2021-05-21,224919464,18,3844183,0.11189588759040314,0.0014223122727581143
2021-05-21,224919464,19,3031423,0.046350994748964265,0.0018302736924640376
2021-05-21,224919464,20,8831702,-0.23606638993085544,0.0012280073632893501
2021-05-21,224919464,21,7814440,0.47608697681930123,0.0012197691186269087
2021-05-21,224919464,22,7838930,0.05398053262905389,0.002250659502988354
2021-05-21,224919464,23,7897795,0.11928169425339344,0.0026619393066463454
2021-05-21,224919464,24,13734332,-0.1338754623174441,0.0018432917116610963
2021-05-24,226795304,0,2892211,0.8846618248661897,0.01861980046355231
2021-05-24,226795304,1,41278338,-0.2247839202914808,0.012256591887424057
2021-05-24,226795304,2,26596563,0.13979752708349824,0.00013942155508652875
2021-05-24,226795304,3,19188138,-0.1377610609819926,0.014789132555607296
2021-05-24,226795304,4,11937392,-0.08368873711829856,0.004705199872669543
2021-05-24,226795304,5,10933870,0.1431652590072109,0.004577929610558677
2021-05-24,226795304,6,5492925,0.20120455856766262,0.00039932437836344285
2021-05-24,226795304,7,6647269,-0.05432992546317852,0.006531249466675397
2021-05-24,226795304,8,13032845,0.09226881532046227,0.012269731481880323
2021-05-24,226795304,9,6053622,-0.2492313411745953,0.008704434932522783
2021-05-24,226795304,10,7184996,0.22300560436718886,0.0029711214826403853
2021-05-24,226795304,11,4909698,0.2052021210992132,0.00039486621564567364
2021-05-24,226795304,12,3850546,0.06509813739304979,5.501824070788806e-08
2021-05-24,226795304,13,8610203,0.11599133003331798,0.0031611970220997653
2021-05-24,226795304,14,8456866,0.3076099976484407,0.004801028275089452
2021-05-24,226795304,15,9766328,-0.27876623719170907,0.005157609615971141
2021-05-24,226795304,16,5392216,-0.1532972545867527,0.005214805599909443
2021-05-24,226795304,17,3648314,-0.12815377341946452,0.0034086570286776317
2021-05-24,226795304,18,2912416,-0.0015473954994575632,0.0026028011425590957
2021-05-24,226795304,19,2808000,-0.022530407957785662,0.0038035493304143814
2021-05-24,226795304,20,4290407,0.28988960530646046,0.0011996116567906654
2021-05-24,226795304,21,5184947,0.04787677575477549,0.0020056357146564364
2021-05-24,226795304,22,3885408,0.24513022818222438,0.001804611495313864
2021-05-24,226795304,23,5533825,0.01862285185719487,0.0018035886172734637
2021-05-24,226795304,24,6307961,0.3743552758552818,0.0010020503044553019
2021-05-25,364502131,0,950200,-0.830028328611898,0.001199446235358061
2021-05-25,364502131,1,27984755,-0.02193450302031025,0.014402308438580943
2021-05-25,364502131,2,26056043,0.14728348426265575,0.01268347913758194
2021-05-25,364502131,3,30565748,0.1692951679311943,0.002691830092720389
2021-05-25,364502131,4,25412906,-0.03551352636235528,0.00043009115379019804
2021-05-25,364502131,5,34848762,-0.4377549120234599,0.005258912828736273
2021-05-25,364502131,6,25714633,-0.05083063928614454,0.008755990689983891
2021-05-25,364502131,7,27668822,0.1196889680493991,0.00522731344508012
2021-05-25,364502131,8,14122129,-0.09460875551915682,0.010843834840145195
2021-05-25,364502131,9,11414069,0.44078772258567617,0.0031716970136530568
2021-05-25,364502131,10,7440407,0.237454375720489,0.000561715994999179
2021-05-25,364502131,11,7859901,0.16818736730722597,0.0052643130341257765
2021-05-25,364502131,12,7320807,0.03263597437896893,0.0035638550254048283
2021-05-25,364502131,13,6197000,-0.18551006298230388,0.005661850897125388
2021-05-25,364502131,14,11570311,-0.12537410795682277,0.00426739565789824
2021-05-25,364502131,15,6981281,-0.0566597465561229,0.01046352345198536
2021-05-25,364502131,16,4934009,0.07141222174465375,0.0030072774184371318
2021-05-25,364502131,17,5016239,-0.18259969223388128,0.009924235637987788
2021-05-25,364502131,18,12498004,-0.20722649273688645,0.0022596650988762662
2021-05-25,364502131,19,7992205,0.2346903622115498,0.0048451164299834195
2021-05-25,364502131,20,8609394,0.2100508188369614,0.003355293848439024
2021-05-25,364502131,21,16011523,0.11369025750902229,0.0005570869480970822
2021-05-25,364502131,22,13314939,-0.04139381021855374,0.002591077828913818
2021-05-25,364502131,23,9684428,-0.07469906295504292,0.006860776017477535
2021-05-25,364502131,24,14333616,0.03749090105394571,0.0007343318812194915
2021-05-26,239619208,0,2782255,0.9989435596756728,0.008164507772763336
2021-05-26,239619208,1,43247023,0.05110956858030621,0.00982110224818354
2021-05-26,239619208,2,26323985,0.03189276704071948,0.0024490865075095496
2021-05-26,239619208,3,30534679,0.08558288835250509,0.0005123847690332574
2021-05-26,239619208,4,12229056,0.1572396647851596,0.012773806925114217
2021-05-26,239619208,5,15191305,0.01058396571073047,0.003966168936765803
2021-05-26,239619208,6,8397979,-0.026533208719579517,0.005590717991228844
2021-05-26,239619208,7,5472725,-0.09197716561261293,0.0014881989813549665
2021-05-26,239619208,8,5484447,-0.3463932037108457,0.004475320256936518
2021-05-26,239619208,9,4641561,-0.04206800352400007,0.006896355736283008
2021-05-26,239619208,10,4637960,-0.15394348301996666,0.0014841024892761616
2021-05-26,239619208,11,7557488,0.10720748545970897,0.004148913393551851
2021-05-26,239619208,12,5873005,-0.046297985848107015,0.00978779785174584
2021-05-26,239619208,13,3495157,-0.3673037636041583,0.0032047239440580006
2021-05-26,239619208,14,5042082,0.10398265288653885,0.0030086182306134305
2021-05-26,239619208,15,4830222,-0.1426347924832894,0.004890223335539121
2021-05-26,239619208,16,4235035,-0.05998615309574526,0.0020468469927844265
2021-05-26,239619208,17,5074200,0.14865356778188515,0.0035597149115646864
2021-05-26,239619208,18,3377797,-0.12151148605852319,0.0011185941997152436
2021-05-26,239619208,19,5921256,-0.10676788835502501,0.00205369402405662
2021-05-26,239619208,20,4469126,0.14453559990814377,0.00242698612324368
2021-05-26,239619208,21,4646908,-0.030802237637934545,0.0018711983745363112
2021-05-26,239619208,22,5861554,-0.19597665837051212,0.002433310589751898
2021-05-26,239619208,23,7047143,0.31581235460096774,0.0018729324279863158
2021-05-26,239619208,24,13245260,0.020765551179670518,0.000565295704322052
2021-05-27,224462193,0,2010400,0.5594407996427713,0.12809655142809373
2021-05-27,224462193,1,31797133,0.2833350955333951,0.12069682445481326
2021-05-27,224462193,2,23619899,0.30012370269237904,0.006568835528029343
2021-05-27,224462193,3,21175062,0.03309069546691376,0.0018312134614629012
2021-05-27,224462193,4,10962636,-0.2699360391443319,0.005724920540763984
2021-05-27,224462193,5,9565965,0.12368344755373645,0.0068632186103855354
2021-05-27,224462193,6,5935649,-0.14570587548866404,0.0034261648843408247
2021-05-27,224462193,7,4588039,-0.4510692175240389,0.000451562363949146
2021-05-27,224462193,8,12234600,-0.09586687407915372,0.00474204765396018
2021-05-27,224462193,9,22275680,0.12197914481199992,0.0005111778565098186
2021-05-27,224462193,10,7949999,-0.18169614112044907,0.013013710664572192
2021-05-27,224462193,11,4955094,-0.25999936805969065,0.006281159120988765
2021-05-27,224462193,12,5210988,0.014068385438896392,0.004757391417394469
2021-05-27,224462193,13,6319270,-0.18236425613985188,0.002703848764901713
2021-05-27,224462193,14,5902316,0.536931724153282,0.000448771034420656
2021-05-27,224462193,15,3908896,-0.06667934017477434,0.004567803701903202
2021-05-27,224462193,16,3306133,-0.06676423504213107,0.0009180616822254772
2021-05-27,224462193,17,2263101,0.05310756069991726,0.002731974279351961
2021-05-27,224462193,18,3005845,-0.02890555628515111,0.0013658770298263423
2021-05-27,224462193,19,3402404,-0.2105551557718459,0.003633110146890611
2021-05-27,224462193,20,6017824,-0.16829892561761733,0.0006970844709070045
2021-05-27,224462193,21,4141413,0.20194964660941225,0.006554115899502161
2021-05-27,224462193,22,4221295,0.03413230785205478,0.0054264650453937965
2021-05-27,224462193,23,7138849,0.09700156172696968,0.0029403718977345475
2021-05-27,224462193,24,12553703,-0.1695375836096886,0.003838754313880795
2021-05-28,276462467,0,1079978,0.8833782150505715,0.004964822396770097
2021-05-28,276462467,1,21168919,0.2101763835587532,0.004779772965735318
2021-05-28,276462467,2,17520047,0.19924336347606494,0.012036979649832755
2021-05-28,276462467,3,9224670,0.4824988188375133,0.0034178732937635643
2021-05-28,276462467,4,13769380,-0.07503182867595044,0.0004552899195609825
2021-05-28,276462467,5,15877045,0.14485286821270302,0.002019324378438532
2021-05-28,276462467,6,7024854,0.060810302803844044,0.005170039667484383
2021-05-28,276462467,7,5578412,0.2659479946836133,0.0011328803772258614
2021-05-28,276462467,8,3892651,0.3158475843722358,0.0056347555318884525
2021-05-28,276462467,9,4459839,-0.20785235788956355,0.006313752779958668
2021-05-28,276462467,10,5042449,-0.24969011837376134,0.007442635052459796
2021-05-28,276462467,11,10159622,0.15845168714333732,0.0022127668559076166
2021-05-28,276462467,12,17740061,0.23465202044827696,0.006939085616242056
2021-05-28,276462467,13,13760655,-0.6247283482117868,0.009767535485265332
2021-05-28,276462467,14,24077471,0.04196604026818847,0.007333267638028729
2021-05-28,276462467,15,13865280,0.358357597821934,0.005070662379894095
2021-05-28,276462467,16,9941464,-0.08262390926945808,0.00202052149913719
2021-05-28,276462467,17,17220495,0.3119215402146943,0.0009429525065194386
2021-05-28,276462467,18,8533085,0.0841245352686601,0.006267456004095478
2021-05-28,276462467,19,7861846,0.3792193640214771,0.0004498850244309123
2021-05-28,276462467,20,11382421,-0.09563033772178224,0.004511134880802106
2021-05-28,276462467,21,14730821,0.031316786246696184,0.0015656755872048781
2021-05-28,276462467,22,6865571,-0.09961058483745154,0.0049883403455174965
2021-05-28,276462467,23,5873392,-0.25819111388736116,0.0027208067834622956
2021-05-28,276462467,24,9812039,0.1826405436494774,0.002489126373397287
2021-05-31,228465556,0,1559959,0.9414699814167191,0.007934405236278998
2021-05-31,228465556,1,35441432,-0.45330339054082097,0.0022439553382037924
2021-05-31,228465556,2,14461524,-0.03229340136060941,0.004798307610244049
2021-05-31,228465556,3,14278953,-0.016947991065127767,0.0063603383500698205
2021-05-31,228465556,4,9417870,-0.2725110830695515,0.011360263857222963
2021-05-31,228465556,5,6064896,-0.21704518591858904,0.005219241479400556
2021-05-31,228465556,6,5956007,-0.08559157628220605,0.0002292239230697013
2021-05-31,228465556,7,6063572,-0.06322662557451814,0.005909554836774595
2021-05-31,228465556,8,4375974,0.161965594053339,0.0052316598605274016
2021-05-31,228465556,9,7017844,-0.26296722132903677,2.9413150941780485e-07
2021-05-31,228465556,10,6252980,-0.3037658010456525,0.0020528547907731065
2021-05-31,228465556,11,5094511,-0.07545089222970802,0.0070572621407514755
2021-05-31,228465556,12,3140757,0.15538276588596658,0.007957720911543273
2021-05-31,228465556,13,3858271,-0.1321584791795867,0.005221419984410941
2021-05-31,228465556,14,4921790,-0.05845247250729875,0.0029506107071091523
2021-05-31,228465556,15,15464564,-0.1794693050193222,0.007217666901645
2021-05-31,228465556,16,13511628,-0.44355962088535156,0.009013620173507502
2021-05-31,228465556,17,13985720,0.07459450960857131,0.007849774147144462
2021-05-31,228465556,18,8677497,0.11351063286072341,0.009407515547348786
2021-05-31,228465556,19,6175826,0.014399913472500008,0.008275725020154123
2021-05-31,228465556,20,6105357,0.25314124546442895,0.005364299649739377
2021-05-31,228465556,21,7772439,0.297645091921623,0.0017890801111583995
2021-05-31,228465556,22,7026774,-0.13335956844207733,0.004469634834264851
2021-05-31,228465556,23,8159187,0.20311460333955017,0.002458231711310181
2021-05-31,228465556,24,13680224,-0.507839012178542,0.003344072698093158
2021-06-01,210964768,0,818900,-0.9718750764264228,0.009377614466316032
2021-06-01,210964768,1,21785936,0.04370949286401283,0.004006505286154867
2021-06-01,210964768,2,17996795,0.334270634544948,0.005171609216342516
2021-06-01,210964768,3,10648029,-0.04720020672513501,0.004270623111097068
2021-06-01,210964768,4,17272781,-0.022095302977671073,0.0052070020701964715
2021-06-01,210964768,5,19595257,0.208411019565876,0.0024519874311537556
2021-06-01,210964768,6,16867143,0.048764621861105466,0.003641877012705951
2021-06-01,210964768,7,18035409,-0.0785908893609215,0.0036524611339346716
2021-06-01,210964768,8,6769888,-0.028599957080222966,0.00296672636431708
2021-06-01,210964768,9,5387401,0.18556410935986653,0.0020525610382993954
2021-06-01,210964768,10,4915951,-0.5549776367882325,0.0075128721959384255
2021-06-01,210964768,11,4745010,-0.057259606192923265,0.0056869842742415634
2021-06-01,210964768,12,4425904,-0.0221171916479313,0.0022641200298987915
2021-06-01,210964768,13,5063172,0.16261475841283982,0.0033950923502435284
2021-06-01,210964768,14,5542343,0.19992168367672075,0.004521439445126353
2021-06-01,210964768,15,2982923,-0.06423163012021396,0.0029383494721750936
2021-06-01,210964768,16,3126673,0.13480344647576642,0.0011276542675707013
2021-06-01,210964768,17,4752445,-0.1375885783254934,1.1526157480661096e-06
2021-06-01,210964768,18,4953691,0.3197817672694986,0.0018067246946295577
2021-06-01,210964768,19,6766332,0.0015508933462399703,0.0013500072498686744
2021-06-01,210964768,20,3775029,-0.07238707322677171,0.004281078818688712
2021-06-01,210964768,21,3441077,0.04630813302071443,0.0008986864985122852
2021-06-01,210964768,22,5006520,-0.12142160014818337,0.004060740574522532
2021-06-01,210964768,23,6764559,-0.14790455332493357,0.0015827060951114004
2021-06-01,210964768,24,9525600,0.40329375880201024,0.003824169285484383
2021-06-02,207831309,0,782710,0.8946998946998947,0.003601303301714292
2021-06-02,207831309,1,18948195,-0.30398127632009897,0.006774895905424513
2021-06-02,207831309,2,11293388,-0.08223003549209301,0.006102314472372767
2021-06-02,207831309,3,9670362,0.09310230589673386,0.0031793246613170826
2021-06-02,207831309,4,12125354,0.29349549996973157,0.004089953891837355
2021-06-02,207831309,5,7043076,0.0038061910078886637,0.0013641935701165944
2021-06-02,207831309,6,5850064,0.3087529900931648,0.0006817677994196598
2021-06-02,207831309,7,6338473,0.06934109330679322,0.0006837429844890897
2021-06-02,207831309,8,6867069,0.37893918345782607,0.000916216853240546
2021-06-02,207831309,9,5740465,-0.25736004625309483,0.0027386625681946716
2021-06-02,207831309,10,8541570,-0.3164098027673249,0.0020509427882703588
2021-06-02,207831309,11,4091000,-0.22354007908200568,0.004330906202349763
2021-06-02,207831309,12,4366259,0.26532620523974293,4.712195180557872e-06
2021-06-02,207831309,13,7447062,-0.3567888264354918,0.0006829989983982811
2021-06-02,207831309,14,5415245,0.31452517318809214,0.0018318090516246772
2021-06-02,207831309,15,7439410,0.15966823952462975,0.0016033056356524133
2021-06-02,207831309,16,8886883,-0.07130442822095046,0.0011496489484460798
2021-06-02,207831309,17,10932972,-0.18461423224303616,0.004819064400464526
2021-06-02,207831309,18,7493148,0.4884586058804376,0.0080395518724972
2021-06-02,207831309,19,18268905,-0.35187116111829925,0.004131914376966222
2021-06-02,207831309,20,6987388,-0.30141062929508766,0.0048421181108615355
2021-06-02,207831309,21,6385318,-0.22171748316311765,0.004607770856153192
2021-06-02,207831309,22,6177984,-0.3678883747607699,0.002070067414385646
2021-06-02,207831309,23,8953725,-0.27552879611105396,0.0016097117129062692
2021-06-02,207831309,24,11785284,-0.0523660501922235,0.0018435241028998714
2021-06-03,263991329,0,643751,0.22747965236584355,0.004836478950217113
2021-06-03,263991329,1,56863887,0.11260862641615499,0.013602672676515552
2021-06-03,263991329,2,27915275,0.17720223199562737,0.012997153878809424
2021-06-03,263991329,3,19015699,0.13584563397272162,0.001128302356840852
2021-06-03,263991329,4,26294279,0.02249952853476612,0.0017873870368248193
2021-06-03,263991329,5,10630341,0.1448403037026323,0.002680200307264963
2021-06-03,263991329,6,10606333,0.13925560945489068,0.0033848605578137214
2021-06-03,263991329,7,7733063,0.021761964147592683,0.007419643374133856
2021-06-03,263991329,8,4572501,0.11108137232235187,0.0006776961077771086
2021-06-03,263991329,9,4670130,-0.21061648161721955,0.0004503857712689004
2021-06-03,263991329,10,4279982,-0.043490660267415826,0.0006730426074398683
2021-06-03,263991329,11,3869987,0.31475287821344783,0.0015643493000446658
2021-06-03,263991329,12,3118726,-0.17424216331501108,0.006496409013002959
2021-06-03,263991329,13,4370134,0.2593147716321073,0.0004310465446258932
2021-06-03,263991329,14,6849604,0.0026935469448085016,0.0029267619031122833
2021-06-03,263991329,15,8398300,-0.09009720504270327,0.0006775577566188348
2021-06-03,263991329,16,7903725,0.1174233754475737,0.004075626820461938
2021-06-03,263991329,17,5896767,-0.08791795085051869,0.004984207006538389
2021-06-03,263991329,18,4640747,0.23126811657484223,0.00272320647025773
2021-06-03,263991329,19,5603882,-0.027860748437026066,0.0009150915552953407
2021-06-03,263991329,20,7571400,0.09621314137490762,0.000237771714952572
2021-06-03,263991329,21,7704279,0.2900101767301236,0.00525516367135716
2021-06-03,263991329,22,6713752,-0.06622853772711972,0.004112048913649322
2021-06-03,263991329,23,5656010,0.2698168310422017,0.0011411198974128891
2021-06-03,263991329,24,12468775,-0.019038156043303413,0.00022924432569581917
2021-06-04,297310555,0,1482000,-0.8712998712998713,0.005754212395711679
2021-06-04,297310555,1,26915978,-0.2363230264969645,0.011276952981358836
2021-06-04,297310555,2,11226622,-0.30950848428918,0.0027735785170495517
2021-06-04,297310555,3,7401088,0.09469607954570508,0.004584239208917464
2021-06-04,297310555,4,7123156,0.14125231398309818,0.00045178086325289683
2021-06-04,297310555,5,12668440,0.2755484318731147,0.004828466381426357
2021-06-04,297310555,6,9425562,-0.0339190107743313,0.0027585475083917064
2021-06-04,297310555,7,9482295,0.22671261110387825,0.004117747664224791
2021-06-04,297310555,8,5046956,-0.249115909833574,0.00686024669814911
2021-06-04,297310555,9,4017970,-0.07573381130754968,0.00113778203192442
2021-06-04,297310555,10,4752950,-0.0792629177674388,0.0009243621346923806
2021-06-04,297310555,11,6484109,0.4072508251928226,9.078130245577158e-06
2021-06-04,297310555,12,11675614,-0.2819861348058699,0.01853673069315552
2021-06-04,297310555,13,84571836,0.18723902574516685,0.019850791023012918
2021-06-04,297310555,14,20247124,0.05650396822893267,0.01063615304512006
2021-06-04,297310555,15,15704911,-0.02664402984353502,0.009038023366646986
2021-06-04,297310555,16,8281317,0.4442263903436191,0.002254087918322177
2021-06-04,297310555,17,7413155,0.12474571385028115,0.005211834512159656
2021-06-04,297310555,18,5312477,0.1749135298998376,0.005666565576825906
2021-06-04,297310555,19,4864636,0.30565146551906025,0.0020475708269633653
2021-06-04,297310555,20,6965700,0.18606597459029553,0.001146118269824488
2021-06-04,297310555,21,6961876,2.708699517460447e-05,0.0006777546193422774
2021-06-04,297310555,22,4693068,-0.19305371779620098,0.004808141595176245
2021-06-04,297310555,23,5340214,-0.07916294391131629,0.0020618677772652125
2021-06-04,297310555,24,9251501,-0.08765975790873469,0.00045524072924912624
2021-06-07,222126189,0,1606300,-0.7496274217585693,0.0018242771214695282
2021-06-07,222126189,1,33927817,-0.08659235291973434,0.010199804825281565
2021-06-07,222126189,2,23672835,0.01890100686941351,0.01561844443018773
2021-06-07,222126189,3,16008552,0.07916582974312097,0.002689372345796852
2021-06-07,222126189,4,11112312,0.33269595285753634,0.0006707342122736897
2021-06-07,222126189,5,10158949,0.09935521964090163,0.0020552090580400347
2021-06-07,222126189,6,10408259,-0.2865679661533378,0.0009189893026512127
2021-06-07,222126189,7,5998732,-0.6390921359672436,0.002983313367451897
2021-06-07,222126189,8,3741868,0.22596855402698834,0.00045484978846986693
2021-06-07,222126189,9,7481620,0.3135300418380474,0.006420522830091787
2021-06-07,222126189,10,8686587,0.5685890663274162,0.0029755545092053598
2021-06-07,222126189,11,3969767,0.04912359001251321,0.002535297526534027
2021-06-07,222126189,12,10103555,0.5750675768137034,0.005081676730939889
2021-06-07,222126189,13,4757863,0.0503906183736683,0.0096999956668469
2021-06-07,222126189,14,2550520,-0.11610297835625444,0.006691234927378986
2021-06-07,222126189,15,8184613,0.05975374139969169,0.008026998081054606
2021-06-07,222126189,16,5679950,0.0661070205462804,0.007789280168640248
2021-06-07,222126189,17,7518825,-0.335851998336659,0.007279262685265394
2021-06-07,222126189,18,6309877,0.11737445591946724,0.010907762672379367
2021-06-07,222126189,19,6208199,0.07731176068776123,0.008630131794419287
2021-06-07,222126189,20,4295698,0.010982603983827346,0.005902905102743593
2021-06-07,222126189,21,4113354,0.13257273802148598,0.0009053805555512497
2021-06-07,222126189,22,6194177,0.11330652595451528,0.002952212286934608
2021-06-07,222126189,23,10796644,0.25684407099463585,0.0015900609578188376
2021-06-07,222126189,24,8639316,0.16714654215108696,0.00045327359320498873
2021-06-08,212016682,0,666900,-0.07849829351535836,0.004773926638217734
2021-06-08,212016682,1,12768916,-0.3377112059061654,0.004089298428026941
2021-06-08,212016682,2,16927980,-0.10194795024514391,0.008631007340252279
2021-06-08,212016682,3,31381145,0.19253491446784762,0.005467277118770635
2021-06-08,212016682,4,16567428,0.09807168011062031,0.0013352227320937297
2021-06-08,212016682,5,9193540,-0.18927643552782086,0.00852913579908912
2021-06-08,212016682,6,8850160,0.23234682165689657,0.001327737130080849
2021-06-08,212016682,7,8994863,0.07719464554250527,0.0015739786215206648
2021-06-08,212016682,8,6642963,0.05757499214533133,4.660918505349098e-06
2021-06-08,212016682,9,7526990,0.43763646710062637,0.00022337723552991678
2021-06-08,212016682,10,8730521,0.2699986247979906,0.0034162332153614594
2021-06-08,212016682,11,3083109,-0.23992165536417198,0.0013671231636167521
2021-06-08,212016682,12,6568226,-0.30378288539822007,0.004100794089467377
2021-06-08,212016682,13,6358838,0.12265714285689025,0.002273927831260407
2021-06-08,212016682,14,4880995,-0.020193470855022416,0.005708127106011776
2021-06-08,212016682,15,9014152,0.04678311504367437,0.00867198382494211
2021-06-08,212016682,16,7303600,-0.02432587338866892,0.0036489245406626835
2021-06-08,212016682,17,3608389,0.29282231816779863,0.0022891873218965474
2021-06-08,212016682,18,5121636,-0.0850740155298199,0.00183077210444485
2021-06-08,212016682,19,5982466,-0.023956018729128857,0.0018276667166560654
2021-06-08,212016682,20,3784480,-0.3973354233366941,0.004113377836481667
2021-06-08,212016682,21,5088319,-0.2246593111217595,0.0011391146438818034
2021-06-08,212016682,22,7197388,0.1098731345282284,0.00045692800618116257
2021-06-08,212016682,23,6593187,-0.13368223028245318,0.0020660351776426496
2021-06-08,212016682,24,9180491,0.1803440214634759,0.00023088229387984284
2021-06-09,211494347,0,656880,-0.009244681280529651,0.0027516870840480815
2021-06-09,211494347,1,17444273,-0.1561377468128779,4.773611425253666e-06
2021-06-09,211494347,2,13960095,0.03187345590518679,4.7985145596848396e-06
2021-06-09,211494347,3,26552402,0.15249472324384358,0.00511534164897108
2021-06-09,211494347,4,14898649,-0.18490031782415392,0.004624539326363711
2021-06-09,211494347,5,22426585,-0.10123587613858084,0.001182138854473791
2021-06-09,211494347,6,21548996,-0.2103873972801494,0.008203314906604345
2021-06-09,211494347,7,5959756,-0.2542916392868659,0.00538686219867926
2021-06-09,211494347,8,3749306,-0.02107522612570302,0.0018687220948694287
2021-06-09,211494347,9,3457340,-0.05152097055675004,0.0013945992231665409
2021-06-09,211494347,10,4576994,-0.22652565679719056,0.00022239631405852255
2021-06-09,211494347,11,5035190,0.007248860323469876,0.0027848022125488933
2021-06-09,211494347,12,3018932,-0.012458135192545702,0.0011590017038094818
2021-06-09,211494347,13,2768440,0.22299632542344167,0.0009269732255384068
2021-06-09,211494347,14,2904854,-0.11728410014755107,0.00046405695654215
2021-06-09,211494347,15,3215725,0.12049662187179574,0.00023180019115538522
2021-06-09,211494347,16,4951421,-0.3208867235393766,0.005115863746082703
2021-06-09,211494347,17,3647960,0.07860189949911438,0.004652035076656243
2021-06-09,211494347,18,5047058,0.4639839426703126,0.0011678066753238298
2021-06-09,211494347,19,8153348,-0.07848852722699051,0.0007047049285367277
2021-06-09,211494347,20,7837165,-0.3741621037238856,0.004445938627266713
2021-06-09,211494347,21,7103119,0.033416988676138876,0.0030406267636842814
2021-06-09,211494347,22,7778538,-0.20761614778432097,0.002334149422012221
2021-06-09,211494347,23,6673794,-0.16183787358986862,0.0014009814400371226
2021-06-09,211494347,24,8127527,-0.13567941568007974,0.0006976107294186849
2021-06-10,314388983,0,549700,0.40374987729459116,0.0006941739035501771
2021-06-10,314388983,1,24647256,0.015234082635089687,0.0071295489689711345
2021-06-10,314388983,2,27564424,-0.020058975068810013,0.006929431019903444
2021-06-10,314388983,3,14614052,-0.5021462883166232,0.003657919176837033
2021-06-10,314388983,4,38167305,-0.38425701310191934,0.015198674783765666
2021-06-10,314388983,5,33663328,-0.06643509850739218,0.015171723366868475
2021-06-10,314388983,6,17516275,-0.3720840179242914,0.005163618297065233
2021-06-10,314388983,7,40201563,0.2242980767104681,0.0028711894805268597
2021-06-10,314388983,8,12760975,0.21378986958535715,0.010465471793358617
2021-06-10,314388983,9,8882512,-0.02569892398973393,0.002664120296425078
2021-06-10,314388983,10,7504552,0.048069364501235265,0.001786469600076236
2021-06-10,314388983,11,6103321,0.219213962383708,0.0011171782895861263
2021-06-10,314388983,12,6373545,-0.27377415156606194,0.0011203620423271303
2021-06-10,314388983,13,4914751,0.28603976655627245,0.002686633941433572
2021-06-10,314388983,14,4734565,-0.13693878196876305,0.002913346978701391
2021-06-10,314388983,15,6748855,0.054801050492878915,0.0006692700006617431
2021-06-10,314388983,16,10464269,0.3092672767979203,0.0011301576854080505
2021-06-10,314388983,17,9206075,-0.3710044823429309,0.00023524458636144582
2021-06-10,314388983,18,5881567,0.09657805861589228,0.0022602831025553666
2021-06-10,314388983,19,4606680,-0.4735125857886224,0.0018122236229825932
2021-06-10,314388983,20,5376548,-0.30883300710936856,0.0011327120559433343
2021-06-10,314388983,21,3104290,-0.46813574870997027,0.0002260209358501126
2021-06-10,314388983,22,5125195,-0.11999135274654003,0.00022623788133007477
2021-06-10,314388983,23,6192497,0.31778107628492724,0.0015832321574733143
2021-06-10,314388983,24,9484883,0.3115530849431349,0.002940371063863153
2021-06-11,250210110,0,1620814,0.9984684422526151,0.003145162859625228
2021-06-11,250210110,1,20974549,-0.2708847826633951,0.007426348762185616
2021-06-11,250210110,2,11554728,-0.09207467642041019,0.0017963914418450185
2021-06-11,250210110,3,23068476,-0.13988225555157308,0.0020284981607700593
2021-06-11,250210110,4,16484137,0.08922862888540135,0.0074605559725999734
2021-06-11,250210110,5,9480448,0.052692054880319784,0.013792455368300285
2021-06-11,250210110,6,10527845,0.011338630282442289,0.007009235500301141
2021-06-11,250210110,7,14373503,0.1935998203600859,0.002241652811257236
2021-06-11,250210110,8,7816528,0.48185207204961117,0.005157704038864676
2021-06-11,250210110,9,4876079,-0.13874367884720282,0.004933047394818865
2021-06-11,250210110,10,12013350,0.14310651149468132,0.00045483875255751863
2021-06-11,250210110,11,7145137,0.13063759272483758,0.002011684944851914
2021-06-11,250210110,12,6499791,-0.13706225002375128,0.001787881562326251
2021-06-11,250210110,13,6741246,-0.13519654412867743,0.0008922427077053997
2021-06-11,250210110,14,5395854,-0.2612683585204147,0.0006715517726672507
2021-06-11,250210110,15,8620692,0.10987722937575727,0.0015711707054528543
2021-06-11,250210110,16,7298670,-0.26908129679444653,0.004038618746454819
2021-06-11,250210110,17,9135316,-0.41877030132092186,0.000453782575966109
2021-06-11,250210110,18,9741014,-0.3072625436910746,0.0017895783830822545
2021-06-11,250210110,19,6799369,-0.11603544602403965,0.0
2021-06-11,250210110,20,10016010,0.1438475631121854,0.0006705612462576104
2021-06-11,250210110,21,9921960,0.30192127750077513,0.0020180609328127553
2021-06-11,250210110,22,7150237,-0.03283612913248258,0.0024641081968107543
2021-06-11,250210110,23,10265814,0.18953901636298287,0.002475228837303833
2021-06-11,250210110,24,12688543,-0.009998756308801959,0.003150416372860226
2021-06-15,188802710,0,888800,-0.8159761244300183,0.0009013471065935632
2021-06-15,188802710,1,17218284,0.18444679462397076,0.0002252290172927931
2021-06-15,188802710,2,13223740,-0.026553236412678496,0.0013519491253634758
2021-06-15,188802710,3,25068341,0.01732038981532877,0.012930808454224351
2021-06-15,188802710,4,28569176,0.04938472407054386,0.001427530280272696
2021-06-15,188802710,5,15032453,-0.15718853466148375,0.01569948108291649
2021-06-15,188802710,6,8690584,-0.011780103294241713,0.0032507668881906404
2021-06-15,188802710,7,6481906,0.017790805692072472,0.00023529858746265897
2021-06-15,188802710,8,5292577,0.13931796190873336,0.0013782259410162572
2021-06-15,188802710,9,4581116,0.39989216123986027,0.00022931943905909484
2021-06-15,188802710,10,3203095,0.17472333164739487,0.0009152745105401579
2021-06-15,188802710,11,2799482,0.012152575938335332,0.0016018973943886957
2021-06-15,188802710,12,3114493,0.08017235359221403,0.003426168791635863
2021-06-15,188802710,13,4097830,0.013618035804606384,0.004565593533495442
2021-06-15,188802710,14,3283234,0.06125127675085876,0.00114001605206707
2021-06-15,188802710,15,4957864,-0.02703827283096054,0.0022829056841044437
2021-06-15,188802710,16,2611649,-0.4531233096453266,0.0020539593996209745
2021-06-15,188802710,17,2743717,-0.40086496662826465,0.0018223676336403649
2021-06-15,188802710,18,3680387,-0.3128297493389966,0.002732854166496255
2021-06-15,188802710,19,4398551,-0.32668237673350575,0.002287989841595218
2021-06-15,188802710,20,4717799,-0.4348806408778488,0.0038842874916430333
2021-06-15,188802710,21,2773705,-0.04573727394653377,2.962293771518095e-07
2021-06-15,188802710,22,4540874,-0.1206171018038518,0.0009150524825057331
2021-06-15,188802710,23,7220416,0.15406815363516613,0.001375544859677624
2021-06-15,188802710,24,9612637,-0.19062714740178097,0.002521029755346678
2021-06-16,377766915,0,703576,0.8911465892597968,0.0039041743800192694
2021-06-16,377766915,1,12430186,-0.2533471508655677,0.009634084701272725
2021-06-16,377766915,2,9659982,-0.47223366044012227,0.01214531630379122
2021-06-16,377766915,3,9345758,0.12450488427854317,0.00319259873018399
2021-06-16,377766915,4,10240439,0.08283528735240187,9.119671176253119e-06
2021-06-16,377766915,5,24536360,0.43194854115777886,0.004207061334129814
2021-06-16,377766915,6,40245302,-0.05872759576512346,0.003379275791344729
2021-06-16,377766915,7,31927493,0.03741872620060497,0.0034549389363248187
2021-06-16,377766915,8,18655726,-0.20681048776531133,0.010973901162018743
2021-06-16,377766915,9,8202032,-0.185079255957691,0.004774861283698109
2021-06-16,377766915,10,11141431,0.14467619748559055,0.004544571068402001
2021-06-16,377766915,11,16227459,-0.01802808685043473,0.0033393111693009172
2021-06-16,377766915,12,25817452,-0.18987972916913515,0.011671899792745351
2021-06-16,377766915,13,22227376,0.1283947696054439,0.017995074485292178
2021-06-16,377766915,14,10636745,0.3743766523738579,0.005860107869147605
2021-06-16,377766915,15,9303218,0.25219379242229456,0.0012185196556447934
2021-06-16,377766915,16,10182669,-0.18254173380896546,0.0014619718120131677
2021-06-16,377766915,17,10710240,0.1454993381365813,0.0039002734735598082
2021-06-16,377766915,18,13638275,-0.12884665317220326,0.0017051685930865013
2021-06-16,377766915,19,13051848,-0.32879647922486643,0.005849173441201855
2021-06-16,377766915,20,9586087,0.01072843141361691,0.0070606460154766515
2021-06-16,377766915,21,11609233,-0.09675873618968561,0.004617061870771155
2021-06-16,377766915,22,10606862,0.03144011106424693,0.00412890737361459
2021-06-16,377766915,23,16169142,0.0032376877822036213,0.003420166674072443
2021-06-16,377766915,24,20912024,0.12360246516930902,0.003161824854431107
2021-06-17,234211604,0,2103693,0.9990544048187531,0.002940069274553719
2021-06-17,234211604,1,30316428,0.13587191952367372,0.008018081211165012
2021-06-17,234211604,2,24038936,0.0993192064653868,0.004186553266957201
2021-06-17,234211604,3,13246050,0.004767890691325919,0.004577084573550229
2021-06-17,234211604,4,21247551,0.05510734718425331,0.006439888990892157
2021-06-17,234211604,5,17187777,-0.2747435861850883,0.005259454472667171
2021-06-17,234211604,6,11953094,0.03194443723787894,0.006890961234689905
2021-06-17,234211604,7,9443694,-0.19898175161943873,0.0005200083785626717
2021-06-17,234211604,8,9122752,-0.302523365820429,0.00406464617170481
2021-06-17,234211604,9,4822880,0.06738366979823965,0.005054496448481394
2021-06-17,234211604,10,3068814,0.2762589141617146,0.006254481339324823
2021-06-17,234211604,11,2762072,0.1810352934485325,0.003127117428783493
2021-06-17,234211604,12,3243289,0.046688823427380725,0.0004814342971037644
2021-06-17,234211604,13,4563692,0.3201627420057768,0.0014403775967388147
2021-06-17,234211604,14,4126636,0.04805289704853296,0.0026428205437430273
2021-06-17,234211604,15,5210117,-0.2432202439785284,0.0035945305379023614
2021-06-17,234211604,16,10521001,0.1950949162179233,0.00046218800306052757
2021-06-17,234211604,17,10277298,-0.02853979282842704,0.0038145560411315207
2021-06-17,234211604,18,7666884,-0.16135116979853278,0.001663981048805208
2021-06-17,234211604,19,5967178,-0.015418014641027707,0.0023765106767314817
2021-06-17,234211604,20,4864434,-0.14994584143212528,0.0009504124833864747
2021-06-17,234211604,21,5917946,-0.01090439201011375,0.0033365397048491304
2021-06-17,234211604,22,5775773,0.03391879499732694,0.0042914443485334115
2021-06-17,234211604,23,5946486,-0.2333649755860179,0.0009510447075220348
2021-06-17,234211604,24,10817129,0.043523975242093955,0.00309656552943223
2021-06-18,210517328,0,1216449,0.6813405978763468,0.0066509273358649436
2021-06-18,210517328,1,26840590,-0.20524353792952515,0.003002503994186996
2021-06-18,210517328,2,31856994,-0.2884978444878254,0.0005923617767007108
2021-06-18,210517328,3,15815367,0.16589462914293324,0.016243404175319377
2021-06-18,210517328,4,8679955,-0.09818901320249868,0.008119856869287274
2021-06-18,210517328,5,5471028,0.27686347132758593,0.004665535493240537
2021-06-18,210517328,6,10573586,0.05069967167873619,0.0004504853984075429
2021-06-18,210517328,7,5819564,0.6351640126080146,0.001164570533087944
2021-06-18,210517328,8,6649999,-0.06799728171432673,0.00046645477290810567
2021-06-18,210517328,9,7484856,0.1596658613777354,0.0014160231831329213
2021-06-18,210517328,10,8831042,-0.23730636154322135,0.0016574538055248104
2021-06-18,210517328,11,3541640,-0.045135638431300716,0.0009450074227058557
2021-06-18,210517328,12,3712414,0.17470005007759534,0.0009526463930580472
2021-06-18,210517328,13,4598610,-0.19999274041830448,0.005935983265983939
2021-06-18,210517328,14,4249559,0.387807049822652,0.0030885561167367653
2021-06-18,210517328,15,3014140,0.06118482285806108,0.0021286132448530767
2021-06-18,210517328,16,3169196,0.14894562173286596,0.0011826508546922956
2021-06-18,210517328,17,4032952,-0.04684743648829433,0.004483588805477138
2021-06-18,210517328,18,8639492,-0.3110213145150366,0.00043910384436321014
2021-06-18,210517328,19,8634834,0.044717641968516325,0.0035224807444052364
2021-06-18,210517328,20,10840607,-0.19577711594837197,0.0016241020173849347
2021-06-18,210517328,21,6609757,0.35947331754202655,0.006281804032810366
2021-06-18,210517328,22,6784134,0.1019833129287136,0.0023240156758266755
2021-06-18,210517328,23,5317251,0.1958302403439105,0.0002325590146180442
2021-06-18,210517328,24,8133312,-0.014703711392774174,0.00023325218742822006
2021-06-21,200304755,0,2708592,0.1258038585209003,0.008607446370834286
2021-06-21,200304755,1,40533320,-0.18488685261497403,0.0005500131572317409
2021-06-21,200304755,2,19309155,-0.19647958375886776,0.01333210120812792
2021-06-21,200304755,3,11188945,0.131557816825157,0.0015787856477544242
2021-06-21,200304755,4,8195338,-0.047978780117516016,0.007173007694167225
2021-06-21,200304755,5,15613592,-0.2998224302528893,0.005258200802739128
2021-06-21,200304755,6,19006843,0.4640138859852222,0.009867711271121531
2021-06-21,200304755,7,6555034,0.012048182566544493,0.0002330227478269834
2021-06-21,200304755,8,5996215,-0.1451061927005022,0.0016167980670771251
2021-06-21,200304755,9,4903185,-0.213671194858937,0.0032192783356406393
2021-06-21,200304755,10,5554300,0.12862998908334816,0.0027739530427118714
2021-06-21,200304755,11,5057460,0.5532390625683863,0.0018455421712693658
2021-06-21,200304755,12,5487357,0.1600738245984775,0.0020863549923821455
2021-06-21,200304755,13,4567840,0.2404522154083766,0.0034805070858847393
2021-06-21,200304755,14,3848603,-0.4615438661998899,0.004178954306051487
2021-06-21,200304755,15,4232548,-0.009306368814491168,0.00045903672005232415
2021-06-21,200304755,16,3410853,0.18996801526278012,0.0032423211690108074
2021-06-21,200304755,17,3146152,0.1929391788705206,0.0011574839402190716
2021-06-21,200304755,18,3264602,0.18170730710097258,0.0009273532885726638
2021-06-21,200304755,19,3787013,-0.45867241715871565,0.0011593056544990878
2021-06-21,200304755,20,3405786,-0.15255907649378503,0.00046390473185284776
2021-06-21,200304755,21,3656131,0.3002652979380171,0.0032414144812053197
2021-06-21,200304755,22,4545227,0.012945268687490985,0.005323295270189348
2021-06-21,200304755,23,4573305,0.08462181341459334,0.0027772058983514905
2021-06-21,200304755,24,7757359,0.1729670793785285,0.0013870876680283756
2021-06-22,144075980,0,943748,0.2708853859083269,0.002065762428395302
2021-06-22,144075980,1,14724056,-0.029300773457560093,0.00898841582631615
2021-06-22,144075980,2,11429644,-0.08659851218968496,0.0005029222110851132
2021-06-22,144075980,3,12347621,0.47284915927774307,0.0034730621117099267
2021-06-22,144075980,4,6133233,0.23257534928374388,0.003737522993267829
2021-06-22,144075980,5,4197184,0.08531459867520506,0.0021023611632194393
2021-06-22,144075980,6,4164307,-0.2595813415484313,0.00046689125577823094
2021-06-22,144075980,7,6631771,-0.13352040922015473,0.0014025263067953
2021-06-22,144075980,8,3544399,0.2332676185083418,0.0035052739428230255
2021-06-22,144075980,9,3095180,0.0407543391725565,0.0037376773382288286
2021-06-22,144075980,10,4469750,-0.3558490924025835,0.002569638075169781
2021-06-22,144075980,11,2728364,0.2617144494876151,1.2339388050345886e-06
2021-06-22,144075980,12,13562773,0.026295566949648082,0.007643241402955192
2021-06-22,144075980,13,6065940,0.25838787501307947,0.013895941564247352
2021-06-22,144075980,14,5119991,-0.11916226460054241,0.010868816916853784
2021-06-22,144075980,15,5034888,0.011381723348009994,0.006240912849341176
2021-06-22,144075980,16,6301349,-0.03725247519280009,0.0016179775228476606
2021-06-22,144075980,17,3705085,0.19714124657001178,0.0011518152422444984
2021-06-22,144075980,18,4351271,0.0956758259146358,0.0011631836537206273
2021-06-22,144075980,19,3194907,-0.2070036776115922,0.0018556187240451653
2021-06-22,144075980,20,2925966,0.19673084194342344,0.00046504886989453365
2021-06-22,144075980,21,2833816,-0.09152888483197745,0.0030173648790710506
2021-06-22,144075980,22,5173687,-0.26703917928052145,0.0011669044676016365
2021-06-22,144075980,23,4730304,0.06952575273205215,0.003006430558056132
2021-06-22,144075980,24,6666746,0.041905099116751054,0.0009245491721151006
2021-06-23,195223749,0,710900,-0.8849380149951748,0.002772895559139387
2021-06-23,195223749,1,11009699,-0.006701363526525616,0.00716915328241015
2021-06-23,195223749,2,11257520,0.11140715365295158,0.0027680937175390235
2021-06-23,195223749,3,7685200,-0.1863898645325578,0.006499409903306683
2021-06-23,195223749,4,10559144,-0.34054641213255665,0.0018704736762780272
2021-06-23,195223749,5,6614989,0.26139542856060133,0.002308845348955755
2021-06-23,195223749,6,6295353,0.10231436473469942,0.0018429242877219729
2021-06-23,195223749,7,21859845,-0.199342426395047,0.009864592041540509
2021-06-23,195223749,8,28283780,0.20279969360253078,0.011222016076733406
2021-06-23,195223749,9,11060605,-0.14987813247064946,0.002053219829077636
2021-06-23,195223749,10,7845541,0.21852431343056591,0.0016019713078505745
2021-06-23,195223749,11,3909774,0.2203293667816018,0.0016017491358060133
2021-06-23,195223749,12,5039074,0.3162509295457347,0.002058535617463849
2021-06-23,195223749,13,4483797,0.27963688223968336,0.002515396204411179
2021-06-23,195223749,14,4453583,0.08277121770488784,1.851435643844242e-06
2021-06-23,195223749,15,4844064,-0.1097342930534427,0.0009158672568952055
2021-06-23,195223749,16,4148296,0.42519725058092445,0.00022946827517799292
2021-06-23,195223749,17,5085902,0.02604790010878337,0.002062910383057319
2021-06-23,195223749,18,6043895,-0.040670954368070146,0.00023206172471950832
2021-06-23,195223749,19,3666571,0.41643575963165813,0.004119073375937639
2021-06-23,195223749,20,3101758,0.17267406219936193,0.00503679374953292
2021-06-23,195223749,21,4128591,-0.2161602105037255,0.0029760339627455425
2021-06-23,195223749,22,5480133,0.09361874522606396,0.0016059039393467272
2021-06-23,195223749,23,7500031,-0.024751244155604608,0.004126342199282518
2021-06-23,195223749,24,10155704,-0.2584209136751198,0.0002331763828257731
2021-06-24,163181148,0,826150,0.9140647378974506,0.00045966792907663494
2021-06-24,163181148,1,15905929,0.13262252343538689,0.0015977606997159782
2021-06-24,163181148,2,12059355,0.11664178650972032,0.0011431861433723574
2021-06-24,163181148,3,15437427,0.16149953659048577,0.0036554077286211233
2021-06-24,163181148,4,11531701,-0.09517295774626972,5.960030245593269e-06
2021-06-24,163181148,5,17507672,0.19631424723592916,0.006842331849346392
2021-06-24,163181148,6,9148214,0.09568203199642546,0.0018093222113812846
2021-06-24,163181148,7,11012916,-0.10644236816161984,0.001141068662200054
2021-06-24,163181148,8,13261324,0.22390959516208192,0.0032484258149658276
2021-06-24,163181148,9,6465271,-0.2098500724494872,0.00764025632347656
2021-06-24,163181148,10,3107603,0.17667683881650972,0.0018559971052155356
2021-06-24,163181148,11,2953637,0.326620940025494,0.0027772809697480787
2021-06-24,163181148,12,2695537,-0.020539086689408,0.0018515958310068618
2021-06-24,163181148,13,3874293,-0.1532099608124119,0.0027783431554576376
2021-06-24,163181148,14,3067480,0.43247456373021986,0.0048610574004151665
2021-06-24,163181148,15,2993935,0.3662133935908292,0.002082714244957529
2021-06-24,163181148,16,3162325,-0.05752901295644306,0.0034712454952601167
2021-06-24,163181148,17,2464060,0.13895733928467846,0.004394583925400668
2021-06-24,163181148,18,3402431,-0.11642831558740578,0.0041548564176706985
2021-06-24,163181148,19,1996457,-0.1577965694547842,0.0039212537808508315
2021-06-24,163181148,20,1830933,0.29000513829846536,0.0004630621991556885
2021-06-24,163181148,21,2861287,0.1444993234933298,0.0004600494094892497
2021-06-24,163181148,22,3637355,0.13814867330751698,0.0004645833819361318
2021-06-24,163181148,23,4990698,-0.5859536992829599,0.0011574079774813086
2021-06-24,163181148,24,6987158,-0.0044672534765086555,0.0004636005818839668
2021-06-25,482133266,0,594800,-0.15493464228563208,0.0041580288195607875
2021-06-25,482133266,1,11800487,-0.00036016915004706936,0.009939420300228038
2021-06-25,482133266,2,14896705,-0.2566499461124027,0.016148327230025596
2021-06-25,482133266,3,32810583,0.2631352922884773,0.004224259556643616
2021-06-25,482133266,4,22183371,0.06926509091393629,0.00932690992198001
2021-06-25,482133266,5,9174152,0.06346528345015019,0.0018135915410212524
2021-06-25,482133266,6,45576890,0.0021191173105628144,0.02114097120392002
2021-06-25,482133266,7,68235293,0.12086274068945861,0.011193460037917994
2021-06-25,482133266,8,27594274,-0.16143419274959905,0.007715261317436133
2021-06-25,482133266,9,37137489,0.07069558388077779,0.0004381738214253289
2021-06-25,482133266,10,15690921,0.17095639739369536,0.0019663101195110176
2021-06-25,482133266,11,9364621,-0.17408118484818424,0.0002166526460041711
2021-06-25,482133266,12,14930034,0.09623201406750291,0.009802744998700645
2021-06-25,482133266,13,42845005,-0.037452609399995236,0.003964068058520817
2021-06-25,482133266,14,13530566,0.035756153198239604,0.006034987355304812
2021-06-25,482133266,15,15558989,-0.11148749391878415,0.005798031583579458
2021-06-25,482133266,16,13833232,0.3126919356956804,0.00772386189077899
2021-06-25,482133266,17,8526877,-0.2662582285497902,0.003861048492671417
2021-06-25,482133266,18,9944236,-0.1241469015731772,0.00021515424883443744
2021-06-25,482133266,19,7708430,0.2930608149078418,0.0027938785411601628
2021-06-25,482133266,20,6902927,0.581093972450391,0.004299766548787908
2021-06-25,482133266,21,9938592,0.29510008852392217,0.00387043637094377
2021-06-25,482133266,22,10030030,0.3982379666676928,0.0021677186100505976
2021-06-25,482133266,23,15128292,0.1123910571729482,0.004319475391974012
2021-06-25,482133266,24,18196470,-0.21045875445899825,0.00043267961091688706
2021-06-28,261561693,0,4502700,0.27161023003286183,0.0017261618224636115
2021-06-28,261561693,1,47354437,0.36334359057635485,0.009525593791305907
2021-06-28,261561693,2,22458843,-0.04469277554488561,0.003438358617520132
2021-06-28,261561693,3,19101374,-0.11790473473594706,0.00807672567787977
2021-06-28,261561693,4,17371684,-0.24013332149230696,0.002132327837575578
2021-06-28,261561693,5,13348845,0.012325388728154097,0.006281649892104263
2021-06-28,261561693,6,9668522,-0.19845716139434405,0.0030228168346423624
2021-06-28,261561693,7,9532973,-0.21243742914472838,0.0051833740256759415
2021-06-28,261561693,8,6219365,-0.14805065756137917,0.0038872488095370865
2021-06-28,261561693,9,5827675,-0.2337862812387673,0.0028066063066800573
2021-06-28,261561693,10,4385705,-0.3831314282640253,0.0019428980803650288
2021-06-28,261561693,11,4670412,-0.1255964326645944,0.0015149728311206372
2021-06-28,261561693,12,8292229,-0.09978385073890295,0.004540692998639975
2021-06-28,261561693,13,9428722,0.2220338269758337,0.003026115608046358
2021-06-28,261561693,14,5050781,-0.03395481407058715,0.0021663133137452446
2021-06-28,261561693,15,3927854,-0.07052949476769363,0.0054122119218458125
2021-06-28,261561693,16,7744838,0.20876394858126543,0.0032466909400914934
2021-06-28,261561693,17,8331424,-0.039909243265035234,0.0019452736254009196
2021-06-28,261561693,18,6664096,0.026385401399718466,0.00584537007383737
2021-06-28,261561693,19,9747792,-0.2071953775669975,0.00433138187025886
2021-06-28,261561693,20,4702855,-0.0431518189994924,0.0021709719768828032
2021-06-28,261561693,21,3941615,0.06369910324467759,0.0019536347133961253
2021-06-28,261561693,22,4740358,-0.2726306187400438,0.00021673771240555344
2021-06-28,261561693,23,8765830,-0.1000972603624637,0.002163002821345418
2021-06-28,261561693,24,15780764,0.04543771687875883,0.0017321079610599375
2021-06-29,238740436,0,588800,-0.9964240589315088,0.001079321707702503
2021-06-29,238740436,1,18389164,0.16818251314340507,0.006729496447692474
2021-06-29,238740436,2,10920833,0.036187003934699445,0.01020812625804221
2021-06-29,238740436,3,8415670,0.3386008631528306,0.003916156250295059
2021-06-29,238740436,4,10833295,-0.03161018262846056,0.0030555314917701747
2021-06-29,238740436,5,24231952,0.13822647562628063,0.001562683710116143
2021-06-29,238740436,6,12328815,-0.23046491236788486,0.006808303105862505
2021-06-29,238740436,7,7636066,0.0973206976764389,0.0019810000706178043
2021-06-29,238740436,8,10954320,-0.0794948629506415,0.0013239611768996649
2021-06-29,238740436,9,9706498,0.03979775293273768,0.0004370504929001636
2021-06-29,238740436,10,13241727,-0.45603481614021135,0.0011044050582887678
2021-06-29,238740436,11,6938831,-0.030327375434444647,0.003755649491293275
2021-06-29,238740436,12,4544016,-0.06744266239993778,0.007068942867639738
2021-06-29,238740436,13,5077641,-0.5260166283232508,0.002425527891767546
2021-06-29,238740436,14,3546671,0.25437746512321835,0.002660797703776115
2021-06-29,238740436,15,6064086,-0.2098034323708768,0.0017641653046423032
2021-06-29,238740436,16,6761040,0.027703691140641504,0.0050823715036325155
2021-06-29,238740436,17,4782220,0.6695561917764913,0.0006594911496207528
2021-06-29,238740436,18,9302348,0.603040477296982,0.0011134299403694002
2021-06-29,238740436,19,6277801,-0.01311068023796163,0.0035526761089967334
2021-06-29,238740436,20,16311185,-0.23809333584681244,0.006012130811692524
2021-06-29,238740436,21,9924447,0.17394706800085474,0.00624126462984559
2021-06-29,238740436,22,7621184,-0.4723397740507168,0.0008877476980945502
2021-06-29,238740436,23,9614165,-0.28955030135017246,0.004902028785817118
2021-06-29,238740436,24,14727661,-0.2960990032805665,0.004458152098143007
2021-06-30,254904617,0,956700,-0.41146061160376984,0.0026563107557723365
2021-06-30,254904617,1,23332740,0.13886223037096238,0.0023875010666772807
2021-06-30,254904617,2,16291002,0.23435200089221833,0.01056382843885802
2021-06-30,254904617,3,10392958,-0.3843377820391465,0.002016383047325643
2021-06-30,254904617,4,7444277,-0.1878485728596166,0.007084116446258495
2021-06-30,254904617,5,6178777,0.44454735553821956,0.0006611354046895528
2021-06-30,254904617,6,6903388,0.12057112521243982,0.0019760173395778134
2021-06-30,254904617,7,6532708,-0.10161890632017836,0.006612197241180977
2021-06-30,254904617,8,4324107,-0.2461497541769455,0.003746007797665494
2021-06-30,254904617,9,20697599,0.15804673199774769,0.006349912428208573
2021-06-30,254904617,10,9142170,-0.2888323522299356,0.01336427659073472
2021-06-30,254904617,11,3176975,-0.13844296294054845,0.009639720476277477
2021-06-30,254904617,12,9140889,-0.6326331701880512,0.0002371561777031395
2021-06-30,254904617,13,8188648,0.11382646606943778,0.0030556723707355427
2021-06-30,254904617,14,22043248,0.08673055291702154,0.007997051592214711
2021-06-30,254904617,15,26287198,-0.061950089010878215,0.009938279540858266
2021-06-30,254904617,16,10411351,-0.08469056500702742,0.00172143684187697
2021-06-30,254904617,17,10126212,-0.25423809884819826,6.556600565848372e-08
2021-06-30,254904617,18,6549649,-0.09468834106812972,0.004316970150143297
2021-06-30,254904617,19,7888690,-0.10892821995550966,0.006263430832883791
2021-06-30,254904617,20,6171703,-0.05484142136599349,0.004107021010810326
2021-06-30,254904617,21,4840924,-0.09703891069040123,0.002378020254159072
2021-06-30,254904617,22,6195332,-0.002690429893126663,2.646764084630966e-07
2021-06-30,254904617,23,8254612,-0.16731671324143,0.0021568659997268083
2021-06-30,254904617,24,13432760,-0.4361325057194074,0.003667089822221487
